N1,N2,...,Nx
[0, 7, 6, 19, 46, 31, 2, 38, 37, 8, 26, 11, 27, 17, 43, 16, 12, 16, 7, 34, 23, 46, 7, 1, 19, 16, 5, 5, 37, 50, 43, 24, 26, 27, 6, 22, 46]
[7, 0, 41, 21, 2, 26, 45, 27, 29, 4, 24, 25, 17, 20, 41, 14, 43, 13, 2, 26, 41, 46, 31, 29, 4, 11, 30, 50, 36, 19, 15, 27, 33, 10, 3, 44, 47]
[6, 41, 0, 44, 40, 48, 38, 4, 35, 33, 2, 37, 36, 9, 8, 34, 44, 9, 32, 17, 24, 9, 10, 45, 21, 48, 47, 29, 46, 39, 42, 14, 17, 4, 44, 1, 16]
[19, 21, 44, 0, 28, 39, 21, 3, 20, 13, 12, 24, 41, 2, 37, 3, 33, 33, 13, 27, 27, 8, 7, 21, 23, 18, 37, 11, 7, 40, 11, 15, 37, 25, 37, 43, 24]
[46, 2, 40, 28, 0, 24, 37, 37, 36, 12, 36, 17, 45, 16, 9, 42, 20, 28, 5, 46, 25, 3, 33, 4, 25, 1, 28, 2, 41, 50, 13, 32, 37, 47, 45, 22, 32]
[31, 26, 48, 39, 24, 0, 33, 34, 24, 3, 21, 10, 2, 31, 36, 3, 18, 24, 6, 48, 37, 43, 24, 25, 23, 0, 5, 27, 30, 9, 14, 35, 14, 7, 21, 9, 41]
[2, 45, 38, 21, 37, 33, 0, 29, 49, 39, 33, 17, 18, 14, 13, 38, 7, 40, 39, 45, 27, 47, 42, 5, 20, 30, 21, 23, 17, 11, 37, 40, 1, 16, 36, 18, 43]
[38, 27, 4, 3, 37, 34, 29, 0, 39, 27, 18, 9, 22, 40, 48, 49, 13, 43, 17, 25, 48, 13, 28, 6, 32, 2, 5, 49, 27, 45, 25, 43, 2, 31, 35, 40, 50]
[37, 29, 35, 20, 36, 24, 49, 39, 0, 23, 44, 34, 34, 13, 45, 29, 50, 12, 50, 50, 2, 30, 4, 29, 35, 12, 3, 33, 41, 47, 41, 41, 13, 29, 17, 41, 15]
[8, 4, 33, 13, 12, 3, 39, 27, 23, 0, 3, 39, 3, 13, 44, 50, 2, 7, 50, 38, 29, 1, 10, 8, 10, 27, 14, 30, 5, 22, 30, 14, 34, 1, 22, 8, 11]
[26, 24, 2, 12, 36, 21, 33, 18, 44, 3, 0, 29, 35, 29, 10, 4, 11, 32, 44, 43, 8, 21, 0, 44, 24, 3, 5, 29, 43, 35, 14, 23, 41, 39, 3, 6, 26]
[11, 25, 37, 24, 17, 10, 17, 9, 34, 39, 29, 0, 3, 21, 28, 44, 20, 36, 29, 21, 44, 45, 33, 25, 41, 29, 36, 43, 24, 19, 9, 38, 38, 36, 24, 9, 41]
[27, 17, 36, 41, 45, 2, 18, 22, 34, 3, 35, 3, 0, 4, 14, 27, 11, 23, 17, 45, 16, 11, 1, 14, 29, 34, 37, 43, 14, 7, 37, 31, 2, 4, 40, 4, 26]
[17, 20, 9, 2, 16, 31, 14, 40, 13, 13, 29, 21, 4, 0, 25, 44, 36, 35, 22, 38, 9, 36, 2, 44, 44, 29, 4, 49, 1, 40, 32, 4, 14, 29, 32, 2, 6]
[43, 41, 8, 37, 9, 36, 13, 48, 45, 44, 10, 28, 14, 25, 0, 23, 38, 15, 10, 26, 25, 50, 0, 2, 50, 49, 31, 12, 31, 42, 40, 33, 48, 1, 1, 46, 13]
[16, 14, 34, 3, 42, 3, 38, 49, 29, 50, 4, 44, 27, 44, 23, 0, 13, 9, 22, 21, 19, 15, 3, 27, 20, 38, 3, 34, 10, 26, 47, 26, 44, 26, 17, 50, 43]
[12, 43, 44, 33, 20, 18, 7, 13, 50, 2, 11, 20, 11, 36, 38, 13, 0, 28, 38, 13, 50, 40, 41, 22, 45, 36, 25, 13, 46, 1, 45, 8, 42, 50, 40, 9, 49]
[16, 13, 9, 33, 28, 24, 40, 43, 12, 7, 32, 36, 23, 35, 15, 9, 28, 0, 26, 35, 48, 10, 20, 15, 25, 37, 10, 22, 1, 14, 36, 6, 42, 36, 31, 42, 12]
[7, 2, 32, 13, 5, 6, 39, 17, 50, 50, 44, 29, 17, 22, 10, 22, 38, 26, 0, 49, 19, 33, 24, 45, 36, 37, 46, 45, 22, 32, 14, 20, 48, 39, 23, 49, 17]
[34, 26, 17, 27, 46, 48, 45, 25, 50, 38, 43, 21, 45, 38, 26, 21, 13, 35, 49, 0, 21, 14, 31, 30, 26, 2, 3, 28, 31, 17, 4, 5, 12, 33, 38, 39, 27]
[23, 41, 24, 27, 25, 37, 27, 48, 2, 29, 8, 44, 16, 9, 25, 19, 50, 48, 19, 21, 0, 43, 45, 13, 37, 39, 9, 13, 8, 27, 11, 18, 11, 46, 40, 1, 21]
[46, 46, 9, 8, 3, 43, 47, 13, 30, 1, 21, 45, 11, 36, 50, 15, 40, 10, 33, 14, 43, 0, 23, 18, 6, 47, 47, 33, 25, 17, 23, 49, 2, 34, 38, 13, 19]
[7, 31, 10, 7, 33, 24, 42, 28, 4, 10, 0, 33, 1, 2, 0, 3, 41, 20, 24, 31, 45, 23, 0, 24, 28, 32, 21, 26, 2, 50, 50, 21, 27, 28, 30, 24, 0]
[1, 29, 45, 21, 4, 25, 5, 6, 29, 8, 44, 25, 14, 44, 2, 27, 22, 15, 45, 30, 13, 18, 24, 0, 18, 35, 19, 34, 37, 42, 39, 43, 27, 1, 21, 27, 1]
[19, 4, 21, 23, 25, 23, 20, 32, 35, 10, 24, 41, 29, 44, 50, 20, 45, 25, 36, 26, 37, 6, 28, 18, 0, 25, 48, 44, 22, 13, 37, 2, 22, 8, 49, 18, 25]
[16, 11, 48, 18, 1, 0, 30, 2, 12, 27, 3, 29, 34, 29, 49, 38, 36, 37, 37, 2, 39, 47, 32, 35, 25, 0, 47, 27, 32, 11, 21, 6, 41, 42, 24, 9, 26]
[5, 30, 47, 37, 28, 5, 21, 5, 3, 14, 5, 36, 37, 4, 31, 3, 25, 10, 46, 3, 9, 47, 21, 19, 48, 47, 0, 30, 49, 26, 28, 48, 46, 29, 27, 41, 16]
[5, 50, 29, 11, 2, 27, 23, 49, 33, 30, 29, 43, 43, 49, 12, 34, 13, 22, 45, 28, 13, 33, 26, 34, 44, 27, 30, 0, 17, 46, 47, 11, 22, 41, 7, 8, 39]
[37, 36, 46, 7, 41, 30, 17, 27, 41, 5, 43, 24, 14, 1, 31, 10, 46, 1, 22, 31, 8, 25, 2, 37, 22, 32, 49, 17, 0, 3, 13, 39, 1, 27, 10, 37, 12]
[50, 19, 39, 40, 50, 9, 11, 45, 47, 22, 35, 19, 7, 40, 42, 26, 1, 14, 32, 17, 27, 17, 50, 42, 13, 11, 26, 46, 3, 0, 36, 17, 17, 17, 17, 32, 4]
[43, 15, 42, 11, 13, 14, 37, 25, 41, 30, 14, 9, 37, 32, 40, 47, 45, 36, 14, 4, 11, 23, 50, 39, 37, 21, 28, 47, 13, 36, 0, 35, 13, 40, 34, 34, 10]
[24, 27, 14, 15, 32, 35, 40, 43, 41, 14, 23, 38, 31, 4, 33, 26, 8, 6, 20, 5, 18, 49, 21, 43, 2, 6, 48, 11, 39, 17, 35, 0, 17, 37, 42, 35, 16]
[26, 33, 17, 37, 37, 14, 1, 2, 13, 34, 41, 38, 2, 14, 48, 44, 42, 42, 48, 12, 11, 2, 27, 27, 22, 41, 46, 22, 1, 17, 13, 17, 0, 36, 29, 43, 25]
[27, 10, 4, 25, 47, 7, 16, 31, 29, 1, 39, 36, 4, 29, 1, 26, 50, 36, 39, 33, 46, 34, 28, 1, 8, 42, 29, 41, 27, 17, 40, 37, 36, 0, 49, 33, 37]
[6, 3, 44, 37, 45, 21, 36, 35, 17, 22, 3, 24, 40, 32, 1, 17, 40, 31, 23, 38, 40, 38, 30, 21, 49, 24, 27, 7, 10, 17, 34, 42, 29, 49, 0, 22, 17]
[22, 44, 1, 43, 22, 9, 18, 40, 41, 8, 6, 9, 4, 2, 46, 50, 9, 42, 49, 39, 1, 13, 24, 27, 18, 9, 41, 8, 37, 32, 34, 35, 43, 33, 22, 0, 35]
[46, 47, 16, 24, 32, 41, 43, 50, 15, 11, 26, 41, 26, 6, 13, 43, 49, 12, 17, 27, 21, 19, 0, 1, 25, 26, 16, 39, 12, 4, 10, 16, 25, 37, 17, 35, 0]
