P1,P2,...,Pn
[14, 2]
[8, 12]
[4, 2]
[3, 7]
[0, 4]
[6, 7]
[9, 8]
[4, 14]
[2, 14]
[7, 14]
[10, 5]
[12, 9]
[11, 4]
[9, 4]
[10, 4]
[10, 8]
[1, 12]
[13, 7]
[10, 8]
[4, 7]
[11, 7]
[8, 3]
[8, 11]
[2, 6]
[6, 4]
[12, 8]
[10, 5]
[8, 5]
[13, 5]
[5, 3]
[4, 14]
[12, 0]
[14, 1]
[12, 7]
[13, 1]
[7, 5]
[8, 6]
[12, 4]
[2, 1]
[3, 11]
[4, 3]
[9, 12]
[9, 8]
[6, 12]
[2, 11]
[14, 5]
[6, 5]
[4, 13]
[10, 7]
[11, 8]
[12, 14]
[0, 11]
[11, 4]
[13, 7]
[9, 8]
[5, 9]
[5, 1]
[5, 1]
[12, 13]
[2, 12]
[12, 2]
[13, 8]
[4, 0]
[3, 9]
[13, 0]
[9, 11]
[13, 9]
[5, 11]
[3, 13]
[4, 2]
[7, 9]
[4, 10]
[4, 2]
[8, 9]
[2, 12]
[2, 10]
[12, 5]
[8, 10]
[8, 11]
[0, 8]
[1, 5]
[7, 0]
[6, 3]
[11, 9]
[8, 14]
[1, 3]
[0, 8]
[12, 5]
[8, 3]
[13, 2]
[2, 12]
[2, 9]
[11, 9]
[10, 3]
[7, 2]
[9, 3]
[8, 11]
[3, 11]
[9, 1]
[3, 0]
[7, 11]
[11, 2]
[5, 7]
[7, 4]
[11, 1]
[9, 11]
[1, 13]
[12, 10]
[13, 12]
[7, 1]
[14, 1]
[9, 13]
[4, 3]
[1, 0]
[11, 4]
[5, 3]
[3, 1]
[9, 2]
[3, 8]
[5, 2]
[1, 13]
[13, 3]
