P1,P2,...,Pn
[6, 14]
[14, 8]
[8, 1]
[6, 14]
[14, 12]
[2, 4]
[12, 13]
[1, 12]
[8, 5]
[0, 1]
[10, 7]
[10, 8]
[14, 3]
[14, 5]
[5, 9]
[10, 0]
[1, 5]
[2, 7]
[2, 14]
[14, 3]
[3, 6]
[9, 13]
[8, 2]
[0, 2]
[6, 13]
[9, 12]
[13, 3]
[9, 11]
[5, 13]
[4, 13]
[7, 14]
[1, 4]
[7, 6]
[7, 14]
[9, 10]
[14, 2]
[1, 2]
[5, 4]
[11, 9]
[7, 13]
[9, 14]
[1, 10]
[3, 9]
[1, 12]
[3, 13]
[6, 9]
[5, 2]
[11, 14]
[13, 5]
[3, 9]
[6, 7]
[11, 2]
[11, 0]
[6, 8]
[4, 8]
[7, 5]
[12, 2]
[2, 0]
[8, 6]
[9, 6]
[6, 13]
[1, 13]
[5, 1]
[1, 0]
[14, 0]
[9, 5]
[4, 8]
[4, 6]
[9, 1]
[13, 3]
[6, 13]
[6, 1]
[8, 5]
[0, 1]
[8, 2]
[0, 4]
[1, 7]
[2, 3]
[14, 2]
[3, 0]
[8, 10]
[6, 5]
[10, 11]
[8, 3]
[6, 3]
[9, 5]
[10, 12]
[10, 0]
[1, 10]
[0, 9]
[5, 0]
[8, 2]
[13, 4]
[11, 7]
[14, 1]
[10, 2]
[8, 0]
[6, 3]
[8, 14]
[11, 13]
[3, 8]
[14, 12]
[11, 9]
[3, 5]
[6, 0]
[2, 1]
