P1,P2,...,Pn
[11, 0, 7]
[12, 9, 2]
[9, 7, 11]
[11, 5, 9]
[2, 4, 7]
[12, 11, 5]
[10, 13, 4]
[1, 2, 11]
[13, 4, 12]
[3, 14, 4]
[3, 2, 0]
[1, 7, 6]
[13, 3, 4]
[5, 6, 10]
[3, 9, 2]
[10, 5, 12]
[10, 14, 0]
[8, 10, 1]
[2, 6, 10]
[2, 11, 14]
[5, 11, 13]
[13, 5, 10]
[0, 10, 14]
[8, 6, 2]
[14, 8, 2]
[8, 10, 0]
[3, 5, 7]
[12, 2, 10]
[8, 11, 9]
[2, 10, 12]
[7, 9, 1]
[7, 2, 11]
[2, 4, 7]
[1, 5, 2]
[4, 13, 12]
[13, 2, 7]
[0, 13, 14]
[10, 12, 11]
[2, 7, 5]
[6, 10, 7]
[7, 0, 3]
[13, 14, 0]
[6, 2, 7]
[14, 10, 6]
[6, 3, 9]
[3, 14, 10]
[11, 0, 10]
[12, 11, 3]
[14, 12, 3]
[14, 12, 4]
[1, 12, 14]
[6, 14, 7]
[5, 11, 4]
[2, 13, 3]
[1, 11, 4]
[14, 6, 12]
[7, 0, 14]
[4, 14, 1]
[0, 4, 1]
[11, 0, 3]
[5, 4, 2]
[12, 11, 14]
[12, 11, 5]
[13, 14, 2]
[5, 14, 4]
