P1,P2,...,Pn
[8]
[14]
[11]
[12]
[2]
[7]
[8]
[14]
[8]
[0]
[5]
[12]
[0]
[13]
[3]
[11]
[7]
[11]
[8]
[1]
[3]
[3]
[3]
[5]
[11]
[10]
[6]
[8]
[14]
[9]
[11]
[1]
[3]
[3]
[14]
[4]
[5]
[0]
[4]
[0]
[6]
[6]
[1]
[0]
[6]
[1]
[3]
[10]
[5]
[4]
[0]
[3]
[11]
[3]
[3]
[7]
[2]
[9]
[8]
[6]
[10]
[13]
[3]
[3]
[13]
[2]
[5]
[11]
[11]
[10]
[0]
[2]
[7]
[6]
[12]
[11]
[7]
[13]
[13]
[1]
[2]
[11]
[2]
[7]
[10]
[5]
[12]
[0]
[9]
[4]
[10]
[5]
[12]
[13]
[8]
[14]
[6]
[14]
[11]
[1]
[7]
[0]
[12]
[10]
[2]
[13]
[5]
[8]
[13]
[2]
[11]
[11]
[10]
[2]
[0]
[2]
[6]
[3]
[8]
[0]
[14]
[3]
[9]
[12]
[12]
[6]
[13]
[5]
[4]
[5]
[0]
[11]
[5]
[10]
[7]
[3]
[6]
[7]
[8]
[13]
[10]
[4]
[4]
[14]
[5]
[11]
[2]
[7]
[2]
