P1,P2,...,Pn
[6, 10]
[2, 11]
[1, 14]
[4, 11]
[4, 14]
[12, 5]
[4, 7]
[5, 9]
[7, 2]
[2, 0]
[8, 3]
[10, 9]
[13, 8]
[1, 0]
[7, 12]
[1, 7]
[10, 2]
[8, 3]
[2, 0]
[12, 8]
[6, 13]
[7, 0]
[4, 11]
[1, 0]
[7, 2]
[0, 6]
[12, 3]
[4, 12]
[12, 14]
[11, 12]
[3, 9]
[12, 3]
[5, 3]
[2, 13]
[1, 7]
[11, 0]
[3, 12]
[10, 3]
[4, 10]
[3, 11]
[3, 14]
[12, 8]
[0, 7]
[14, 8]
[3, 7]
[14, 2]
[1, 14]
[14, 10]
[14, 6]
[7, 3]
[6, 5]
[14, 1]
[13, 4]
[8, 10]
[1, 13]
[14, 8]
[5, 6]
[8, 10]
[6, 10]
[1, 14]
[8, 13]
[14, 6]
[2, 5]
[8, 10]
[8, 14]
[14, 12]
[7, 2]
[1, 10]
[5, 14]
[9, 4]
[2, 11]
[4, 5]
[6, 5]
[2, 4]
[10, 3]
[3, 7]
[4, 1]
[10, 11]
[14, 0]
[12, 5]
[11, 14]
[5, 6]
[11, 8]
[7, 8]
[9, 6]
[11, 4]
[13, 14]
[10, 13]
[4, 1]
[6, 10]
[1, 4]
[11, 8]
[0, 12]
[12, 2]
[14, 9]
[5, 12]
[13, 1]
[4, 8]
[0, 9]
[6, 5]
[10, 14]
[6, 3]
[6, 2]
[7, 12]
[13, 2]
[8, 4]
[9, 7]
[2, 11]
[5, 2]
[5, 7]
[10, 13]
[14, 11]
[7, 9]
[14, 2]
[7, 11]
[8, 1]
[12, 13]
[14, 1]
[0, 14]
[14, 13]
[7, 13]
[2, 12]
[13, 9]
[5, 13]
[10, 1]
[6, 1]
[6, 5]
[1, 0]
[5, 6]
[10, 12]
[10, 13]
[2, 7]
[3, 14]
[11, 9]
[10, 6]
[9, 2]
[13, 7]
[4, 7]
[11, 8]
[10, 5]
[2, 5]
[10, 12]
[3, 8]
[9, 2]
[9, 1]
[10, 6]
[12, 6]
[13, 6]
[11, 2]
[8, 4]
[5, 9]
[14, 1]
[1, 5]
[11, 1]
[14, 4]
[11, 1]
[2, 3]
[6, 9]
[14, 6]
[10, 8]
[10, 9]
[10, 11]
[2, 7]
[5, 7]
[7, 1]
[3, 1]
[7, 12]
[10, 12]
[6, 13]
[0, 12]
[4, 8]
[7, 13]
[0, 7]
[9, 6]
[14, 12]
[7, 5]
[7, 10]
[11, 4]
[9, 5]
[14, 9]
[4, 3]
[7, 0]
[11, 3]
[4, 13]
[13, 3]
[14, 5]
[3, 0]
[6, 0]
[2, 4]
[1, 5]
[1, 5]
[2, 7]
[4, 7]
[2, 0]
[9, 6]
[5, 2]
[4, 5]
[2, 7]
[11, 5]
[4, 9]
[4, 6]
[14, 9]
[13, 14]
[0, 3]
[8, 12]
[11, 12]
[1, 0]
[3, 0]
[10, 13]
[4, 10]
[4, 5]
[7, 12]
[6, 4]
[7, 5]
[11, 7]
[11, 6]
