P1,P2,...,Pn
[7, 1]
[3, 12]
[11, 0]
[13, 8]
[10, 5]
[8, 10]
[10, 11]
[14, 2]
[14, 7]
[7, 9]
[2, 14]
[5, 3]
[13, 2]
[9, 12]
[11, 12]
[5, 14]
[13, 14]
[5, 11]
[0, 13]
[11, 10]
[2, 4]
[11, 12]
[4, 5]
[6, 7]
[7, 1]
[1, 0]
[5, 9]
[5, 4]
[10, 9]
[7, 10]
[0, 5]
[9, 14]
[4, 9]
[11, 0]
[14, 12]
[13, 2]
[12, 11]
[12, 3]
[7, 0]
[11, 12]
[1, 10]
[9, 3]
[10, 5]
[9, 7]
[3, 1]
[2, 7]
[1, 10]
[5, 0]
[0, 8]
[9, 6]
[5, 2]
[10, 14]
[8, 3]
[14, 1]
[9, 6]
[4, 14]
[11, 14]
[7, 6]
[0, 1]
[0, 2]
[4, 8]
[5, 9]
[13, 2]
[14, 8]
[5, 3]
[0, 12]
[1, 9]
[3, 9]
[5, 14]
[3, 13]
[0, 13]
[3, 8]
[13, 7]
[6, 12]
[0, 14]
[3, 14]
[12, 4]
[4, 14]
[2, 5]
[8, 1]
[12, 9]
[14, 9]
[1, 6]
[5, 12]
[9, 0]
[12, 3]
[5, 9]
[12, 2]
[13, 12]
[7, 13]
[13, 2]
[2, 0]
[11, 7]
[0, 10]
[14, 10]
