P1,P2,...,Pn
[6]
[13]
[8]
[13]
[14]
[4]
[9]
[1]
[14]
[13]
[4]
[5]
[2]
[12]
[13]
[2]
[4]
[7]
[14]
[8]
[11]
[5]
[14]
[6]
[1]
[11]
[14]
[7]
[8]
[8]
[9]
[12]
[6]
[0]
[10]
[10]
[1]
[8]
[4]
[6]
[2]
[12]
[6]
[13]
[6]
[10]
[13]
[10]
[1]
[10]
[6]
[14]
[11]
[4]
[11]
[10]
[2]
[1]
[13]
[1]
[7]
[3]
[7]
[10]
[11]
[2]
[4]
[10]
[6]
[1]
[4]
[0]
[7]
[7]
[9]
[4]
[5]
[2]
[2]
[1]
[0]
[9]
[0]
[14]
[13]
[12]
[0]
[3]
[12]
[12]
[9]
[3]
[10]
[10]
[10]
[12]
[11]
[1]
[1]
[1]
[0]
[3]
[5]
[2]
[8]
[7]
[5]
[5]
[6]
[9]
[13]
[5]
[0]
[12]
[6]
[14]
[5]
[2]
[11]
[14]
[14]
[6]
[4]
[10]
[1]
[9]
[8]
[6]
[1]
[4]
[6]
[11]
[2]
[11]
[7]
[11]
[12]
[10]
[14]
[1]
[11]
[11]
[10]
[1]
[14]
[6]
[3]
[12]
[13]
[0]
[6]
[7]
[5]
[9]
[12]
[2]
[0]
[12]
[14]
[7]
[6]
[9]
[7]
[8]
[12]
[0]
[6]
[14]
[12]
[14]
[11]
[7]
[13]
[11]
[7]
[12]
[14]
[9]
[2]
[0]
[3]
[12]
[10]
[1]
[4]
[13]
[3]
[7]
[8]
[13]
[8]
[7]
[1]
[11]
[1]
[9]
[0]
[4]
[0]
[2]
[1]
[8]
[3]
[12]
[5]
[2]
[7]
[7]
[12]
[10]
[8]
[4]
[6]
[11]
[0]
[9]
[13]
[9]
[5]
[0]
[1]
[2]
[8]
[9]
[11]
[0]
[12]
[1]
[10]
[1]
[4]
[9]
[13]
[5]
[11]
[12]
[0]
[0]
[14]
[1]
[8]
[14]
[12]
[12]
[1]
[4]
[0]
[10]
[6]
[4]
[5]
[3]
[7]
[13]
[12]
[13]
[5]
[6]
