P1,P2,...,Pn
[10, 14, 4]
[12, 4, 8]
[7, 1, 11]
[7, 9, 13]
[8, 2, 6]
[14, 0, 5]
[14, 13, 4]
[11, 0, 12]
[5, 1, 9]
[8, 13, 0]
[4, 1, 0]
[1, 2, 12]
[11, 4, 2]
[5, 7, 3]
[5, 0, 6]
[8, 4, 3]
[10, 5, 7]
[0, 14, 2]
[7, 1, 5]
[5, 11, 9]
[11, 0, 14]
[14, 10, 4]
[3, 2, 6]
[12, 5, 13]
[0, 8, 3]
[14, 3, 10]
[10, 11, 2]
[3, 6, 0]
[9, 13, 4]
[12, 6, 5]
[1, 0, 9]
[2, 12, 7]
[3, 5, 12]
[8, 3, 2]
[14, 0, 4]
[1, 8, 13]
[8, 6, 14]
[3, 12, 0]
[14, 4, 0]
[13, 4, 3]
[13, 6, 4]
[13, 9, 7]
[4, 8, 2]
[12, 10, 7]
[10, 11, 4]
[14, 5, 7]
[9, 10, 1]
[9, 14, 13]
[3, 11, 8]
[0, 1, 8]
[9, 4, 8]
[0, 14, 1]
[1, 9, 11]
[4, 7, 1]
[10, 0, 13]
[4, 3, 0]
[7, 14, 4]
[14, 3, 9]
[4, 10, 5]
[13, 1, 4]
[8, 11, 14]
[14, 4, 1]
[8, 2, 7]
[1, 10, 8]
[12, 14, 3]
[6, 11, 12]
[14, 12, 2]
[10, 7, 5]
[14, 5, 1]
[12, 1, 11]
[13, 14, 6]
[5, 3, 1]
[2, 13, 14]
[10, 3, 11]
[3, 12, 4]
