P1,P2,...,Pn
[7, 13]
[12, 9]
[8, 14]
[10, 3]
[1, 7]
[8, 4]
[8, 10]
[6, 2]
[2, 12]
[5, 12]
[4, 11]
[2, 10]
[12, 9]
[0, 14]
[5, 9]
[4, 9]
[5, 2]
[5, 14]
[11, 7]
[9, 5]
[1, 3]
[11, 3]
[14, 2]
[5, 4]
[11, 10]
[6, 4]
[10, 11]
[9, 14]
[10, 2]
[12, 5]
[12, 11]
[5, 8]
[1, 10]
[11, 12]
[12, 2]
[7, 12]
[5, 9]
[7, 5]
[4, 8]
[6, 13]
[7, 0]
[3, 14]
[2, 7]
[0, 8]
[10, 14]
[8, 7]
[11, 5]
[2, 13]
[9, 13]
[9, 5]
[11, 14]
[6, 10]
[2, 5]
[12, 5]
[9, 5]
[4, 6]
[10, 8]
[12, 4]
[9, 5]
[9, 6]
[10, 0]
[5, 7]
[13, 4]
[5, 9]
[4, 7]
[2, 12]
[11, 4]
[1, 10]
[12, 10]
[6, 14]
[2, 14]
[13, 12]
[13, 6]
[1, 12]
[3, 8]
[2, 7]
[4, 7]
[11, 3]
[14, 8]
[7, 11]
[4, 2]
[0, 6]
[7, 1]
[8, 3]
[14, 3]
[10, 5]
[14, 0]
[7, 3]
[7, 4]
[13, 1]
[6, 7]
[14, 6]
[0, 10]
[0, 14]
[5, 14]
[8, 12]
[10, 13]
[7, 13]
[8, 11]
[12, 2]
[5, 1]
[10, 9]
[6, 4]
[9, 2]
[14, 11]
[7, 1]
[5, 0]
[14, 10]
[3, 5]
[0, 9]
[1, 3]
[14, 10]
[6, 5]
[11, 7]
[12, 3]
[0, 3]
[4, 1]
[10, 3]
[11, 13]
[0, 6]
[9, 7]
[4, 5]
[12, 14]
[6, 2]
[8, 14]
[8, 13]
[5, 1]
[3, 7]
[4, 0]
[11, 9]
[6, 12]
[2, 8]
[5, 6]
[10, 1]
[3, 4]
[9, 1]
[11, 8]
[11, 4]
[3, 7]
[5, 13]
[10, 12]
[0, 12]
[11, 12]
[3, 11]
[13, 1]
[8, 9]
[13, 4]
[11, 0]
[13, 1]
[11, 8]
[14, 10]
[6, 11]
[14, 5]
[3, 4]
[12, 7]
[8, 9]
[11, 4]
[1, 6]
[12, 11]
[2, 11]
[2, 4]
[6, 4]
[1, 7]
[13, 7]
[14, 10]
[3, 11]
[2, 7]
[0, 8]
[8, 5]
[12, 6]
[7, 1]
[14, 2]
[3, 11]
[13, 6]
[10, 0]
[2, 6]
[7, 13]
[4, 8]
[4, 12]
[14, 0]
[3, 8]
[4, 6]
[13, 1]
[9, 11]
[1, 8]
[6, 5]
[11, 13]
[11, 0]
[0, 6]
[14, 6]
[10, 3]
[13, 4]
[5, 14]
[1, 11]
[0, 13]
[8, 3]
[2, 12]
[2, 4]
[0, 7]
[7, 4]
[5, 14]
[0, 8]
[0, 8]
[8, 5]
[10, 12]
[5, 12]
[11, 4]
[6, 14]
