P1,P2,...,Pn
[10]
[9]
[4]
[7]
[1]
[9]
[0]
[0]
[8]
[4]
[3]
[0]
[4]
[5]
[3]
[14]
[6]
[0]
[2]
[9]
[3]
[12]
[7]
[1]
[9]
[5]
[8]
[3]
[4]
[1]
[14]
[10]
[11]
[13]
[9]
[10]
[0]
[11]
[13]
[7]
[14]
[9]
[7]
[14]
[2]
[13]
[13]
[2]
[7]
[0]
[4]
[7]
[4]
[8]
[4]
[4]
[10]
[0]
[2]
[2]
[4]
[11]
[0]
[12]
[8]
[2]
[3]
[9]
[10]
[0]
[14]
[9]
[8]
[14]
[4]
[3]
[2]
[2]
[9]
[10]
[3]
[4]
[8]
[14]
[10]
[12]
[8]
[9]
[9]
[10]
[14]
[11]
[12]
[11]
[12]
[3]
[9]
[1]
[4]
[9]
[0]
[12]
[2]
[10]
[1]
[12]
[2]
[1]
[1]
[14]
[7]
[4]
[12]
[8]
[11]
[11]
