P1,P2,...,Pn
[13, 1]
[8, 6]
[10, 2]
[1, 7]
[11, 10]
[4, 12]
[6, 7]
[2, 9]
[9, 7]
[4, 7]
[4, 14]
[5, 0]
[11, 3]
[4, 1]
[8, 3]
[3, 5]
[14, 5]
[6, 0]
[6, 12]
[11, 14]
[1, 11]
[11, 10]
[7, 10]
[10, 2]
[12, 9]
[14, 12]
[7, 6]
[7, 9]
[4, 12]
[13, 8]
[0, 13]
[12, 8]
[5, 14]
[13, 8]
[10, 6]
[13, 12]
[12, 6]
[14, 13]
[8, 9]
[1, 6]
[13, 2]
[14, 7]
[7, 14]
[5, 6]
[14, 4]
[7, 9]
[0, 2]
[0, 14]
[5, 12]
[2, 1]
[9, 13]
[1, 7]
[7, 2]
[1, 7]
[0, 7]
[13, 10]
[0, 6]
[12, 11]
[6, 4]
[10, 4]
[6, 10]
[7, 10]
[10, 11]
[5, 13]
[4, 7]
[14, 1]
[8, 0]
[0, 10]
[7, 12]
[9, 4]
[11, 8]
[6, 1]
[8, 14]
[8, 1]
[5, 12]
[11, 10]
[1, 6]
[5, 11]
[14, 11]
[2, 10]
[3, 4]
[11, 9]
[2, 5]
[12, 1]
[12, 4]
[0, 7]
[14, 13]
[8, 14]
[8, 9]
[7, 9]
[9, 4]
[1, 11]
[10, 13]
[9, 14]
[8, 10]
[5, 9]
[12, 1]
[12, 1]
[12, 5]
[9, 7]
[12, 1]
[3, 11]
[3, 8]
[10, 1]
[3, 10]
[5, 9]
[6, 10]
[2, 9]
[12, 3]
[0, 11]
[9, 12]
[7, 12]
[7, 6]
[6, 13]
[7, 12]
[12, 13]
[0, 3]
[7, 10]
[5, 12]
[14, 2]
[4, 8]
[3, 2]
[12, 14]
[12, 5]
[3, 6]
[8, 0]
[10, 12]
[6, 4]
[5, 7]
[8, 0]
[5, 10]
[3, 9]
[8, 0]
[5, 14]
[3, 0]
[10, 14]
[12, 2]
[5, 10]
[8, 2]
[6, 8]
[8, 13]
[12, 9]
[7, 2]
[11, 8]
[14, 11]
[10, 1]
[6, 10]
[4, 1]
[3, 6]
[1, 9]
[4, 9]
[7, 0]
[10, 14]
[12, 5]
[7, 8]
[11, 10]
[2, 9]
[6, 7]
[10, 0]
[6, 12]
[5, 1]
[5, 13]
[9, 7]
[8, 2]
[14, 4]
[13, 10]
[5, 8]
[12, 13]
[10, 0]
[10, 14]
[9, 1]
[2, 9]
[3, 14]
[3, 10]
[3, 13]
