P1,P2,...,Pn
[11]
[7]
[5]
[13]
[0]
[4]
[8]
[14]
[2]
[8]
[14]
[4]
[8]
[2]
[4]
[8]
[9]
[1]
[1]
[6]
[12]
[6]
[12]
[7]
[7]
[5]
[8]
[0]
[4]
[10]
[6]
[5]
[7]
[11]
[11]
[14]
[2]
[13]
[4]
[4]
[13]
[3]
[9]
[11]
[5]
[1]
[10]
[11]
[4]
[12]
[4]
[7]
[2]
[13]
[7]
[13]
[9]
[0]
[14]
[7]
[13]
[5]
[4]
[7]
[6]
[3]
[3]
[8]
[8]
[9]
[1]
[12]
[0]
[14]
[9]
[12]
[11]
[13]
[1]
[8]
[7]
[0]
[2]
[13]
[5]
[0]
[11]
[12]
[14]
[5]
[10]
[2]
[4]
[12]
[6]
[11]
[1]
[4]
[0]
[9]
[2]
[13]
[3]
[12]
[7]
[1]
[1]
[13]
[12]
[14]
[8]
[3]
[11]
[11]
[11]
[10]
[2]
[12]
[6]
[11]
[14]
[5]
[5]
[3]
[10]
[9]
[12]
[0]
[8]
[2]
[7]
[5]
[4]
[5]
[9]
[0]
[3]
[0]
[11]
[10]
[8]
[4]
[9]
[8]
[9]
[13]
[2]
[12]
[4]
[6]
[4]
[9]
[8]
[1]
[11]
[9]
[13]
[9]
[1]
[2]
[4]
[0]
[13]
[14]
[6]
[0]
[10]
[13]
[13]
[6]
[0]
[1]
[11]
[6]
[5]
[7]
[12]
[2]
[7]
[9]
[0]
[12]
[10]
[8]
[11]
[14]
[2]
[14]
[12]
[10]
[11]
[13]
[11]
[4]
[7]
[9]
[6]
[12]
[6]
[10]
[8]
[3]
[2]
[6]
[7]
[10]
[13]
[11]
[7]
