P1,P2,...,Pn
[5, 12, 3]
[13, 6, 12]
[4, 6, 3]
[1, 13, 11]
[4, 10, 0]
[5, 9, 14]
[10, 11, 6]
[7, 4, 1]
[10, 0, 14]
[14, 5, 4]
[10, 9, 12]
[6, 0, 11]
[3, 5, 12]
[12, 0, 3]
[6, 11, 9]
[2, 13, 1]
[1, 9, 6]
[6, 9, 11]
[14, 1, 4]
[8, 4, 7]
[10, 12, 3]
[5, 8, 9]
[12, 2, 4]
[14, 0, 12]
[11, 4, 0]
[9, 0, 11]
[11, 12, 5]
[10, 11, 7]
[1, 3, 5]
[7, 8, 4]
[8, 5, 4]
[12, 2, 6]
[13, 2, 10]
[6, 9, 12]
[11, 10, 9]
[2, 10, 14]
[3, 7, 2]
[10, 0, 2]
[9, 1, 8]
[10, 3, 11]
[2, 13, 8]
[12, 2, 1]
[8, 6, 2]
[10, 11, 14]
[7, 14, 9]
[10, 0, 1]
[2, 10, 7]
[12, 3, 13]
[9, 8, 5]
[4, 8, 9]
[13, 7, 6]
[8, 10, 14]
[8, 5, 13]
[1, 11, 9]
[2, 5, 12]
[4, 5, 3]
[3, 6, 13]
[3, 5, 9]
[13, 12, 14]
[6, 12, 2]
[13, 11, 3]
[3, 8, 14]
[9, 10, 0]
[4, 0, 9]
[7, 14, 0]
[8, 7, 5]
[7, 13, 6]
[0, 7, 14]
[3, 8, 9]
[1, 3, 5]
[3, 7, 8]
[6, 2, 13]
[10, 2, 5]
[12, 3, 5]
[10, 8, 2]
[14, 5, 7]
[8, 1, 7]
[10, 12, 4]
[3, 10, 6]
[10, 2, 9]
[7, 14, 8]
[6, 14, 10]
[4, 2, 12]
[0, 14, 3]
[12, 11, 8]
[14, 12, 1]
[4, 14, 11]
[1, 9, 0]
[10, 8, 1]
[0, 10, 5]
[13, 0, 3]
[10, 1, 12]
[4, 8, 2]
[6, 3, 13]
[3, 4, 0]
[4, 1, 6]
[10, 7, 9]
[12, 0, 9]
[2, 4, 9]
[10, 6, 8]
[6, 3, 2]
[2, 7, 9]
[8, 9, 2]
[6, 8, 10]
[4, 14, 12]
[5, 7, 6]
[12, 13, 8]
[9, 5, 11]
[13, 7, 14]
[6, 10, 4]
[2, 8, 9]
[9, 10, 12]
[5, 3, 11]
[4, 9, 10]
[0, 8, 9]
[5, 10, 7]
[3, 11, 12]
[9, 3, 7]
[4, 2, 12]
[4, 1, 12]
[1, 13, 3]
[2, 12, 4]
[3, 2, 0]
[12, 2, 14]
[13, 10, 12]
[2, 12, 7]
[6, 13, 14]
[13, 0, 1]
[9, 14, 5]
[1, 3, 10]
[14, 11, 8]
[9, 13, 10]
[13, 9, 7]
[7, 1, 4]
[1, 8, 0]
[10, 14, 8]
[0, 4, 13]
[4, 9, 8]
[12, 6, 11]
[11, 2, 1]
[13, 3, 7]
[10, 2, 4]
[6, 5, 7]
[8, 5, 11]
[7, 1, 13]
[3, 4, 12]
[5, 13, 0]
[3, 10, 11]
[3, 8, 10]
[1, 9, 0]
[9, 2, 5]
[11, 1, 0]
[9, 4, 11]
[4, 14, 0]
[5, 1, 6]
[5, 8, 0]
[8, 1, 9]
[1, 3, 5]
[3, 6, 7]
[1, 9, 14]
[5, 2, 7]
[3, 9, 13]
[2, 4, 8]
[3, 10, 11]
[14, 10, 7]
[0, 1, 10]
[2, 3, 10]
[2, 13, 4]
[7, 14, 3]
[3, 10, 12]
[14, 1, 13]
[10, 3, 8]
[8, 7, 5]
[11, 9, 0]
[6, 3, 2]
[3, 6, 8]
[0, 13, 9]
[9, 3, 7]
[4, 13, 1]
[9, 2, 1]
[14, 2, 5]
[2, 6, 12]
[0, 4, 7]
[14, 6, 11]
[6, 11, 4]
[0, 13, 6]
[0, 3, 2]
[1, 9, 14]
[10, 0, 11]
[4, 1, 13]
[8, 13, 2]
[10, 0, 5]
[11, 0, 10]
[10, 2, 1]
[8, 14, 1]
[3, 6, 11]
[9, 6, 10]
[11, 13, 12]
[6, 12, 9]
[10, 14, 5]
