P1,P2,...,Pn
[8, 12, 4]
[11, 5, 3]
[4, 10, 8]
[2, 3, 7]
[10, 9, 3]
[7, 6, 12]
[4, 10, 12]
[11, 9, 14]
[3, 12, 1]
[10, 5, 11]
[13, 8, 10]
[0, 4, 9]
[5, 4, 6]
[8, 2, 1]
[4, 14, 6]
[9, 8, 12]
[11, 12, 8]
[1, 2, 12]
[11, 14, 9]
[8, 3, 9]
[7, 13, 9]
[8, 13, 3]
[0, 2, 11]
[14, 13, 5]
[11, 14, 5]
[12, 10, 5]
[11, 10, 8]
[13, 2, 5]
[14, 6, 2]
[5, 9, 14]
[0, 1, 14]
[1, 0, 11]
[0, 3, 9]
[9, 13, 12]
[3, 10, 0]
[14, 3, 1]
[7, 11, 8]
[8, 11, 13]
[8, 1, 0]
[12, 2, 4]
[9, 13, 7]
[12, 10, 1]
[4, 12, 7]
[13, 8, 0]
[6, 8, 10]
[4, 12, 3]
[12, 14, 10]
[6, 1, 14]
[8, 12, 2]
[5, 1, 12]
[6, 14, 12]
[0, 5, 8]
[6, 13, 7]
[2, 10, 0]
[0, 11, 3]
[5, 14, 1]
[2, 0, 12]
[14, 10, 5]
[2, 10, 13]
[8, 13, 0]
[14, 6, 12]
[13, 5, 9]
[12, 6, 11]
[1, 6, 14]
[14, 8, 12]
[5, 2, 1]
[5, 1, 12]
[1, 0, 12]
[4, 9, 5]
[10, 3, 8]
[7, 0, 3]
[14, 0, 8]
[4, 2, 11]
[8, 7, 3]
[5, 8, 13]
[11, 8, 14]
[7, 2, 11]
[6, 12, 13]
[1, 14, 8]
[13, 9, 3]
[5, 2, 8]
[7, 11, 3]
[5, 14, 12]
[14, 2, 1]
[7, 2, 1]
[14, 2, 5]
[12, 9, 0]
[7, 11, 9]
[4, 2, 8]
[13, 0, 2]
[13, 1, 7]
[8, 6, 10]
[0, 6, 12]
[6, 5, 11]
[10, 0, 7]
[13, 12, 3]
[8, 11, 5]
[0, 11, 6]
[9, 3, 4]
[14, 5, 10]
[4, 7, 9]
[5, 1, 10]
[6, 11, 10]
[10, 12, 13]
[12, 7, 10]
[4, 2, 8]
[3, 13, 1]
[4, 9, 10]
[12, 5, 0]
[7, 6, 3]
[11, 8, 1]
[10, 7, 1]
[9, 12, 13]
[10, 14, 1]
[10, 1, 7]
[3, 12, 2]
[14, 0, 13]
[9, 0, 4]
[2, 14, 1]
[9, 7, 4]
[1, 10, 8]
[4, 10, 2]
[11, 9, 6]
[3, 9, 5]
[3, 13, 9]
[12, 4, 13]
[6, 3, 1]
[13, 7, 4]
[13, 14, 0]
[14, 8, 12]
[1, 3, 6]
[0, 8, 4]
[11, 4, 13]
[7, 13, 9]
