P1,P2,...,Pn
[12]
[7]
[2]
[6]
[11]
[8]
[12]
[2]
[7]
[3]
[14]
[11]
[10]
[0]
[13]
[13]
[14]
[12]
[1]
[5]
[5]
[4]
[6]
[8]
[6]
[3]
[2]
[0]
[5]
[3]
[12]
[5]
[1]
[7]
[14]
[12]
[8]
[0]
[7]
[4]
[9]
[11]
[7]
[6]
[0]
[11]
[1]
[2]
[5]
[6]
[2]
[13]
[11]
[3]
[1]
[7]
[0]
[11]
[7]
[7]
[7]
[1]
[6]
[1]
[13]
[14]
[3]
[2]
[6]
[5]
[10]
[0]
[8]
[6]
[11]
[11]
[6]
[6]
[0]
[9]
[13]
[8]
[10]
[3]
[13]
[6]
[10]
[0]
[13]
[8]
[7]
[4]
[12]
[1]
[8]
[0]
[6]
[8]
[6]
[7]
[8]
[4]
[2]
[1]
[7]
[12]
[5]
[14]
[4]
[10]
[10]
[8]
[6]
[5]
[7]
[9]
[4]
[14]
[14]
[8]
[6]
[11]
[13]
[0]
[4]
[11]
[3]
[14]
[10]
[11]
[3]
[14]
[2]
[9]
[5]
[7]
[10]
[9]
[2]
[9]
[9]
[5]
[12]
[7]
[9]
[5]
[14]
[9]
[12]
[6]
[6]
[1]
[5]
[12]
[1]
[13]
[3]
[6]
[10]
[2]
[1]
[8]
[1]
[4]
[13]
[3]
[5]
[3]
[3]
[11]
[1]
[14]
[14]
[0]
[3]
[7]
[9]
[4]
[8]
[13]
[0]
[5]
[10]
[11]
[5]
[6]
[3]
[13]
[6]
[2]
[9]
[2]
[6]
[9]
[3]
[0]
[6]
[11]
[4]
[3]
[3]
[1]
[1]
[7]
[7]
[7]
[9]
[0]
[12]
[1]
[0]
[1]
[1]
[0]
[9]
[0]
[14]
[1]
[11]
[6]
[9]
[11]
[10]
[2]
[7]
[9]
[0]
[7]
[8]
[2]
[12]
[4]
[12]
[14]
[2]
[3]
[3]
[12]
[1]
