P1,P2,...,Pn
[11, 8, 7]
[5, 13, 14]
[12, 9, 10]
[3, 12, 9]
[6, 1, 10]
[7, 0, 3]
[7, 13, 0]
[14, 11, 2]
[14, 11, 12]
[9, 0, 10]
[5, 2, 4]
[1, 0, 12]
[0, 8, 14]
[13, 8, 12]
[0, 2, 8]
[2, 1, 8]
[0, 5, 9]
[13, 0, 1]
[3, 0, 8]
[8, 2, 3]
[9, 14, 2]
[0, 11, 5]
[5, 11, 9]
[13, 7, 9]
[13, 7, 9]
[6, 7, 4]
[4, 7, 1]
[8, 5, 4]
[5, 7, 14]
[9, 7, 8]
[9, 10, 5]
[6, 14, 10]
[0, 9, 4]
[10, 5, 7]
[2, 0, 6]
[13, 1, 5]
[14, 0, 6]
[6, 7, 9]
[9, 4, 14]
[12, 1, 2]
[5, 9, 7]
[0, 11, 14]
[14, 9, 6]
[5, 10, 13]
[11, 4, 2]
[7, 12, 11]
[8, 4, 13]
[0, 9, 8]
[0, 4, 8]
[9, 0, 11]
[6, 12, 3]
[1, 7, 12]
[8, 2, 13]
[11, 0, 7]
[9, 1, 2]
[10, 7, 0]
[6, 2, 9]
[7, 0, 8]
[8, 6, 14]
[6, 9, 8]
[8, 4, 11]
[14, 13, 3]
[0, 12, 4]
[1, 11, 8]
[3, 8, 1]
[4, 1, 2]
[5, 0, 9]
[12, 1, 9]
[1, 14, 9]
[9, 10, 7]
[6, 5, 9]
[13, 2, 11]
[7, 6, 0]
[6, 14, 0]
[13, 14, 0]
[0, 9, 14]
[5, 2, 7]
[5, 10, 14]
[0, 14, 11]
[7, 13, 11]
[2, 8, 0]
[2, 3, 9]
[8, 2, 13]
[14, 5, 1]
[9, 2, 12]
[4, 8, 3]
[11, 10, 8]
[10, 3, 9]
[2, 1, 5]
[11, 14, 10]
[4, 8, 9]
[0, 5, 2]
[12, 7, 9]
[1, 13, 9]
[10, 9, 7]
