P1,P2,...,Pn
[7, 4, 5]
[3, 13, 5]
[4, 2, 0]
[5, 14, 6]
[12, 11, 0]
[0, 13, 11]
[9, 0, 10]
[4, 12, 6]
[12, 7, 11]
[14, 7, 6]
[12, 4, 11]
[8, 12, 5]
[11, 8, 4]
[3, 5, 9]
[2, 13, 3]
[0, 12, 6]
[1, 0, 6]
[2, 11, 3]
[1, 10, 3]
[5, 12, 2]
[2, 13, 14]
[4, 11, 2]
[8, 0, 9]
[13, 12, 0]
[1, 13, 6]
[7, 4, 10]
[4, 5, 10]
[0, 9, 2]
[14, 12, 6]
[0, 10, 3]
[5, 7, 12]
[7, 11, 13]
[2, 7, 10]
[8, 1, 3]
[5, 6, 3]
[12, 6, 3]
[9, 12, 7]
[8, 11, 2]
[1, 5, 10]
[1, 13, 7]
[5, 11, 1]
[5, 10, 12]
[5, 10, 2]
[9, 2, 7]
[1, 0, 14]
[3, 13, 8]
[7, 4, 11]
[12, 14, 9]
[4, 14, 3]
[13, 7, 12]
[14, 10, 5]
[10, 8, 0]
[11, 7, 12]
[1, 7, 11]
[4, 6, 3]
[1, 0, 13]
[13, 11, 7]
[2, 9, 11]
[0, 2, 8]
[10, 11, 3]
[6, 2, 12]
[5, 12, 14]
[14, 3, 5]
[9, 11, 5]
[3, 2, 9]
[4, 13, 12]
[6, 14, 12]
[7, 9, 14]
[14, 3, 8]
[2, 4, 10]
[0, 6, 13]
[7, 10, 6]
[10, 12, 3]
[9, 14, 1]
[3, 12, 2]
[3, 1, 14]
[7, 4, 1]
[14, 12, 6]
[8, 12, 11]
[1, 13, 3]
[5, 8, 10]
[6, 5, 14]
[7, 11, 14]
[5, 3, 0]
[1, 10, 7]
[6, 11, 14]
[2, 0, 6]
[8, 4, 3]
[3, 9, 0]
[4, 0, 7]
[9, 2, 10]
[3, 0, 7]
[3, 10, 2]
[5, 10, 1]
[4, 2, 6]
[6, 10, 4]
[9, 1, 2]
[14, 0, 2]
[2, 13, 6]
[5, 13, 14]
[6, 8, 13]
[1, 3, 12]
[7, 0, 6]
[11, 6, 1]
[11, 1, 10]
[4, 5, 0]
[10, 8, 9]
[0, 3, 11]
[10, 9, 2]
[2, 3, 0]
[14, 3, 9]
[11, 7, 14]
[14, 12, 4]
[10, 7, 14]
[10, 0, 14]
[11, 14, 13]
[0, 4, 1]
[12, 0, 14]
[5, 1, 8]
[9, 0, 3]
[10, 6, 14]
[1, 14, 11]
[10, 5, 2]
[12, 0, 13]
[12, 10, 11]
[2, 6, 12]
[1, 3, 2]
[12, 4, 3]
[2, 13, 8]
[11, 10, 6]
[9, 3, 11]
[13, 2, 5]
[8, 3, 13]
[5, 14, 2]
[12, 14, 0]
[14, 12, 5]
[7, 9, 13]
[14, 7, 12]
[5, 2, 13]
[4, 12, 9]
[9, 7, 10]
[2, 12, 14]
[14, 2, 6]
[13, 12, 10]
[1, 13, 8]
[0, 11, 7]
[10, 14, 11]
[9, 1, 10]
[5, 10, 12]
[5, 6, 1]
[3, 7, 14]
[11, 1, 0]
[6, 5, 12]
[1, 6, 8]
[0, 9, 8]
[7, 5, 3]
[4, 11, 12]
[9, 7, 6]
[7, 11, 4]
[4, 3, 12]
[1, 0, 11]
[9, 5, 10]
[2, 12, 8]
[7, 4, 0]
[6, 0, 2]
[5, 3, 14]
[9, 8, 11]
[8, 4, 1]
[1, 6, 9]
[1, 0, 3]
[14, 9, 2]
[2, 6, 0]
[14, 8, 1]
[10, 6, 9]
[3, 1, 6]
[11, 1, 2]
[12, 0, 2]
[13, 2, 4]
[14, 3, 5]
[11, 4, 12]
[6, 9, 8]
[3, 8, 12]
[11, 7, 0]
[8, 2, 6]
[12, 14, 10]
[11, 12, 3]
[6, 14, 11]
[14, 12, 4]
[13, 1, 8]
[3, 8, 9]
[9, 3, 7]
[12, 7, 6]
[5, 4, 6]
[7, 1, 4]
[14, 6, 11]
[2, 3, 4]
[7, 9, 12]
[8, 14, 1]
[6, 8, 13]
[6, 14, 12]
[2, 1, 0]
[10, 14, 1]
[1, 5, 3]
[13, 14, 3]
[4, 2, 0]
[10, 7, 3]
[11, 9, 14]
[5, 10, 12]
[14, 10, 9]
[12, 10, 5]
