P1,P2,...,Pn
[11]
[11]
[6]
[7]
[10]
[8]
[11]
[0]
[0]
[4]
[11]
[1]
[14]
[9]
[11]
[2]
[13]
[9]
[12]
[3]
[2]
[7]
[12]
[3]
[2]
[14]
[0]
[9]
[10]
[5]
[4]
[4]
[4]
[6]
[4]
[6]
[4]
[7]
[10]
[8]
[0]
[11]
[7]
[7]
[4]
[5]
[8]
[4]
[14]
[12]
[14]
[14]
[1]
[0]
[5]
[12]
[14]
[11]
[13]
[12]
[10]
[6]
[11]
[4]
[14]
[12]
[1]
[4]
[7]
[6]
[4]
[9]
[13]
[14]
[10]
[6]
[13]
[10]
[10]
[7]
[13]
[13]
[8]
[6]
[8]
[6]
[6]
[0]
[1]
[10]
[7]
[3]
[7]
[6]
[10]
[11]
[6]
[6]
[1]
[2]
[6]
[2]
[2]
[2]
[1]
[6]
[7]
[11]
[14]
[7]
[10]
[4]
[0]
[0]
[14]
[12]
[12]
[8]
[2]
[8]
[10]
[8]
[3]
[11]
[12]
[8]
[14]
[11]
[2]
[5]
[10]
[14]
[3]
[12]
[12]
[12]
[12]
[7]
[9]
[9]
[5]
[12]
[12]
[1]
[7]
[5]
[9]
[10]
[10]
[4]
[13]
[13]
[11]
[11]
[3]
[1]
[5]
[13]
[1]
[0]
[14]
[6]
[2]
[11]
[11]
[5]
[6]
[6]
[9]
[0]
[2]
[2]
[3]
[6]
[5]
[13]
[3]
[7]
[10]
[3]
