P1,P2,...,Pn
[1, 10, 3]
[2, 6, 8]
[3, 10, 8]
[9, 12, 10]
[7, 5, 0]
[7, 12, 5]
[9, 6, 2]
[1, 12, 7]
[7, 5, 4]
[0, 4, 7]
[7, 13, 9]
[6, 2, 3]
[13, 10, 3]
[5, 10, 14]
[7, 3, 9]
[5, 8, 14]
[1, 0, 8]
[12, 13, 8]
[9, 14, 1]
[3, 11, 8]
[3, 12, 2]
[2, 0, 14]
[13, 10, 2]
[11, 6, 14]
[5, 13, 12]
[14, 0, 3]
[2, 3, 6]
[7, 0, 12]
[12, 0, 3]
[14, 10, 4]
[10, 1, 13]
[11, 9, 7]
[7, 5, 12]
[8, 4, 6]
[2, 13, 1]
[13, 8, 6]
[3, 9, 8]
[0, 6, 12]
[1, 3, 8]
[10, 14, 8]
[4, 6, 7]
[6, 7, 14]
[13, 2, 4]
[7, 8, 9]
[7, 1, 8]
[6, 5, 12]
[14, 13, 2]
[1, 2, 14]
[14, 8, 11]
[13, 9, 12]
[8, 3, 2]
[12, 10, 9]
[1, 2, 4]
[13, 7, 4]
[2, 8, 0]
[1, 6, 9]
[13, 1, 4]
[6, 8, 7]
[2, 9, 1]
[8, 10, 11]
[3, 1, 4]
[3, 13, 4]
[6, 9, 13]
[3, 13, 5]
[9, 11, 7]
[5, 0, 1]
[10, 4, 3]
[3, 4, 11]
[5, 12, 4]
[14, 8, 9]
[5, 0, 6]
[14, 3, 8]
[2, 8, 11]
[5, 3, 6]
[1, 14, 6]
[6, 8, 0]
[10, 3, 8]
[2, 3, 11]
[9, 13, 2]
[11, 2, 5]
[5, 13, 7]
[5, 13, 6]
[13, 5, 14]
[11, 0, 5]
[0, 4, 14]
[14, 12, 11]
[3, 1, 7]
[1, 6, 2]
[3, 11, 2]
[7, 9, 13]
[14, 12, 8]
[10, 5, 2]
[12, 7, 8]
[6, 1, 7]
[14, 10, 11]
[5, 0, 2]
[1, 10, 6]
[9, 8, 5]
[3, 10, 1]
[8, 12, 10]
[10, 4, 5]
[1, 0, 13]
[14, 13, 10]
[7, 2, 4]
[9, 11, 12]
[12, 13, 2]
[8, 9, 7]
[6, 3, 9]
[14, 2, 3]
[13, 5, 10]
[11, 9, 13]
[4, 8, 6]
[7, 5, 4]
[11, 0, 5]
[13, 10, 9]
[12, 11, 0]
[2, 8, 6]
[1, 9, 7]
[8, 5, 0]
[7, 0, 8]
[0, 14, 4]
[5, 8, 1]
[6, 8, 5]
[7, 11, 1]
[4, 11, 7]
[1, 10, 8]
[8, 13, 0]
[3, 12, 9]
[6, 8, 2]
[8, 5, 1]
[4, 8, 3]
[9, 2, 13]
[14, 10, 0]
[9, 2, 0]
[13, 8, 12]
[1, 7, 0]
[7, 2, 6]
[8, 1, 14]
[12, 1, 5]
[13, 7, 6]
[14, 4, 1]
[12, 10, 7]
[2, 5, 14]
[14, 7, 12]
[13, 4, 2]
[3, 7, 13]
[12, 2, 10]
[1, 3, 13]
[9, 12, 0]
[1, 0, 6]
[6, 0, 4]
[7, 5, 2]
[1, 4, 10]
[3, 7, 12]
[1, 3, 14]
[3, 14, 8]
[2, 9, 11]
[4, 11, 1]
[9, 7, 5]
[2, 10, 3]
[5, 3, 0]
[4, 6, 5]
[10, 11, 14]
[13, 11, 3]
[14, 0, 4]
[5, 7, 13]
[0, 7, 11]
[14, 9, 13]
[4, 11, 10]
[4, 0, 1]
[13, 12, 11]
[14, 12, 9]
[10, 13, 5]
[14, 9, 4]
[7, 2, 11]
[0, 7, 8]
[8, 5, 1]
[2, 3, 1]
[1, 14, 12]
[0, 9, 7]
[3, 1, 7]
[6, 4, 8]
[10, 2, 3]
[10, 5, 4]
[11, 5, 7]
[4, 10, 13]
[6, 3, 13]
[2, 13, 5]
[2, 1, 0]
[7, 9, 4]
[7, 14, 1]
[7, 9, 4]
[12, 14, 5]
[14, 2, 7]
[14, 1, 4]
[10, 11, 7]
[4, 10, 2]
[11, 6, 7]
[13, 3, 5]
[12, 6, 14]
[1, 9, 8]
[9, 4, 11]
[2, 12, 8]
[3, 10, 1]
[11, 14, 8]
[3, 2, 6]
[5, 7, 0]
[1, 11, 7]
[11, 8, 6]
[1, 14, 5]
[4, 3, 0]
[12, 2, 9]
[1, 12, 4]
[1, 4, 10]
[12, 9, 10]
[3, 5, 14]
[1, 4, 13]
[1, 3, 11]
[2, 5, 12]
[4, 7, 6]
[0, 12, 6]
[13, 12, 14]
[14, 0, 8]
[2, 5, 13]
[5, 2, 13]
[14, 11, 3]
[1, 10, 12]
[13, 9, 0]
[9, 12, 7]
[0, 14, 1]
[0, 1, 11]
[3, 6, 11]
[5, 1, 2]
[10, 5, 12]
[0, 7, 9]
[14, 6, 8]
[14, 2, 0]
[9, 4, 14]
[13, 1, 11]
[12, 4, 3]
[0, 5, 12]
[3, 1, 8]
[11, 14, 0]
[13, 9, 8]
[2, 14, 3]
[5, 4, 14]
[12, 7, 0]
