P1,P2,...,Pn
[7, 6]
[1, 5]
[0, 7]
[9, 13]
[1, 0]
[14, 6]
[8, 1]
[4, 14]
[11, 6]
[7, 12]
[1, 6]
[12, 8]
[10, 7]
[3, 7]
[13, 3]
[6, 12]
[1, 0]
[2, 8]
[5, 4]
[7, 0]
[3, 4]
[6, 3]
[7, 0]
[7, 1]
[6, 11]
[14, 13]
[8, 14]
[7, 5]
[10, 2]
[9, 0]
[9, 0]
[0, 10]
[10, 2]
[4, 2]
[2, 12]
[0, 3]
[7, 0]
[1, 14]
[10, 0]
[0, 11]
[14, 9]
[6, 12]
[1, 12]
[10, 11]
[4, 1]
[8, 11]
[8, 2]
[6, 8]
[9, 8]
[6, 1]
[10, 1]
[4, 11]
[1, 2]
[1, 6]
[7, 6]
[8, 11]
[4, 5]
[7, 2]
[3, 11]
[5, 11]
[14, 12]
[5, 10]
[3, 10]
[5, 7]
[0, 6]
[9, 8]
[3, 7]
[4, 10]
[10, 7]
[12, 6]
[10, 6]
[9, 4]
[11, 9]
[10, 6]
[8, 9]
[13, 11]
[9, 0]
[3, 11]
[4, 8]
[0, 2]
[11, 12]
[13, 9]
[2, 1]
[0, 11]
[14, 11]
[12, 10]
[14, 13]
[3, 14]
[8, 1]
[8, 6]
[0, 1]
[11, 5]
[12, 8]
[3, 12]
[2, 6]
[12, 10]
[10, 12]
[6, 1]
[8, 2]
[11, 2]
[11, 9]
[0, 11]
[9, 7]
[14, 13]
[12, 2]
[4, 5]
[14, 6]
[3, 8]
[6, 2]
[2, 10]
[14, 2]
[14, 0]
[5, 3]
[13, 0]
[5, 7]
[12, 13]
[0, 1]
[2, 3]
[8, 10]
[3, 5]
[0, 9]
[6, 10]
[10, 13]
[9, 10]
[12, 13]
[10, 8]
[5, 14]
[12, 11]
[10, 14]
[13, 1]
[13, 2]
[10, 9]
[1, 14]
[7, 0]
[9, 5]
[1, 9]
[8, 7]
[2, 12]
[12, 3]
[4, 13]
[12, 1]
[1, 5]
[5, 2]
[2, 1]
[4, 12]
[6, 1]
[9, 7]
[13, 12]
[12, 8]
[0, 13]
[6, 12]
[10, 2]
[6, 1]
[13, 5]
[4, 9]
[6, 9]
[11, 13]
[7, 14]
[9, 13]
[10, 0]
[2, 10]
[2, 12]
[11, 12]
[7, 2]
[6, 11]
[3, 8]
[12, 14]
[12, 11]
[9, 13]
[11, 4]
[5, 14]
[2, 11]
[4, 9]
[13, 4]
[8, 10]
[3, 8]
[11, 7]
[13, 12]
[3, 5]
[14, 3]
[13, 9]
[11, 8]
[5, 12]
[8, 0]
[1, 3]
[1, 6]
[0, 1]
[5, 4]
[12, 5]
[2, 7]
[8, 13]
