P1,P2,...,Pn
[3, 10]
[13, 12]
[7, 14]
[13, 6]
[13, 11]
[7, 12]
[9, 6]
[11, 3]
[13, 5]
[1, 5]
[11, 0]
[13, 2]
[6, 14]
[9, 12]
[10, 8]
[12, 14]
[5, 12]
[1, 7]
[6, 12]
[1, 9]
[10, 4]
[13, 9]
[3, 1]
[8, 11]
[1, 13]
[0, 1]
[10, 9]
[10, 14]
[1, 9]
[10, 13]
[1, 0]
[2, 7]
[11, 0]
[14, 12]
[3, 13]
[14, 8]
[5, 8]
[3, 1]
[4, 3]
[12, 1]
[13, 3]
[2, 8]
[7, 0]
[0, 1]
[7, 11]
[7, 14]
[14, 10]
[2, 7]
[10, 7]
[7, 3]
[2, 0]
[9, 12]
[12, 1]
[8, 6]
[2, 0]
[13, 1]
[6, 2]
[13, 3]
[14, 0]
[0, 12]
[8, 2]
[5, 14]
[1, 14]
[5, 1]
[10, 13]
[9, 2]
[2, 6]
[5, 8]
[9, 2]
[8, 7]
[12, 9]
[3, 12]
[4, 6]
[3, 14]
[2, 6]
[11, 1]
[5, 13]
[6, 10]
[2, 13]
[6, 1]
[11, 9]
[8, 9]
[12, 5]
[11, 4]
[7, 3]
[3, 13]
[9, 2]
[5, 4]
[9, 12]
[10, 13]
[12, 11]
[11, 9]
[3, 2]
[6, 4]
[14, 11]
[11, 9]
[5, 2]
[13, 8]
[4, 2]
[1, 7]
[2, 5]
[13, 10]
[14, 12]
[1, 14]
[4, 7]
[13, 10]
[3, 12]
[4, 5]
