P1,P2,...,Pn
[2]
[4]
[5]
[7]
[1]
[14]
[7]
[4]
[8]
[13]
[4]
[8]
[10]
[12]
[1]
[11]
[11]
[9]
[2]
[5]
[12]
[1]
[10]
[6]
[5]
[4]
[10]
[5]
[6]
[4]
[11]
[8]
[2]
[5]
[0]
[6]
[8]
[14]
[1]
[1]
[10]
[1]
[1]
[12]
[5]
[10]
[8]
[0]
[7]
[12]
[5]
[5]
[2]
[6]
[7]
[1]
[13]
[6]
[12]
[7]
[8]
[13]
[0]
[11]
[8]
[10]
[7]
[0]
[2]
[7]
[14]
[8]
[11]
[12]
[10]
[7]
[10]
[10]
[10]
[11]
[2]
[4]
[6]
[3]
[11]
[1]
[6]
[10]
[2]
[1]
[4]
[4]
[14]
[13]
[14]
[13]
[6]
[1]
[3]
[12]
[14]
[8]
[1]
[14]
[11]
[3]
[13]
[11]
[14]
[11]
[2]
[13]
[5]
[8]
[6]
[2]
[14]
[9]
[13]
[10]
[10]
[10]
[12]
[0]
[13]
[12]
[6]
[6]
[14]
