P1,P2,...,Pn
[7, 13]
[2, 13]
[13, 7]
[0, 14]
[7, 11]
[1, 2]
[8, 2]
[0, 13]
[10, 2]
[4, 2]
[1, 5]
[9, 0]
[14, 2]
[8, 12]
[7, 11]
[0, 8]
[0, 1]
[0, 7]
[1, 9]
[12, 0]
[13, 8]
[0, 12]
[4, 7]
[11, 0]
[3, 2]
[11, 5]
[9, 14]
[8, 13]
[8, 14]
[13, 0]
[6, 11]
[12, 13]
[5, 0]
[12, 3]
[1, 13]
[10, 3]
[8, 11]
[4, 5]
[3, 8]
[3, 0]
[13, 10]
[8, 11]
[3, 2]
[9, 11]
[4, 9]
[6, 1]
[10, 7]
[8, 2]
[9, 8]
[4, 11]
[3, 14]
[8, 9]
[2, 1]
[5, 4]
[8, 12]
[8, 1]
[1, 10]
[13, 10]
[7, 3]
[9, 2]
[6, 7]
[4, 3]
[13, 9]
[2, 10]
[11, 3]
[9, 11]
[2, 7]
[9, 3]
[11, 13]
[2, 12]
[4, 0]
[11, 13]
[2, 5]
[1, 12]
[11, 14]
[2, 8]
[5, 9]
[1, 6]
[4, 1]
[9, 0]
[14, 4]
[7, 12]
[8, 7]
[14, 10]
[1, 5]
[2, 9]
[2, 14]
[12, 13]
[12, 14]
[0, 3]
[8, 12]
[8, 0]
[10, 14]
[14, 1]
[5, 10]
[1, 6]
[6, 12]
[12, 3]
[0, 11]
[12, 9]
[6, 10]
[8, 7]
[1, 10]
[14, 1]
[4, 1]
[6, 13]
[14, 13]
[13, 1]
[14, 3]
[10, 4]
[6, 12]
[6, 3]
[10, 0]
[2, 10]
[1, 14]
[3, 7]
[4, 8]
[0, 6]
[10, 13]
[10, 4]
[7, 12]
[3, 6]
[8, 13]
[11, 10]
[11, 8]
[3, 10]
[5, 14]
[1, 3]
[8, 0]
[5, 3]
[11, 8]
[6, 14]
[0, 13]
[2, 6]
[7, 5]
[3, 10]
[13, 14]
[2, 13]
[10, 11]
[13, 1]
[13, 0]
[9, 14]
[5, 0]
[14, 2]
[5, 10]
[3, 4]
[5, 10]
[10, 11]
[11, 5]
[11, 10]
[14, 1]
[8, 5]
[9, 6]
[12, 14]
[5, 9]
[0, 12]
[5, 3]
[0, 3]
[10, 2]
[13, 10]
[0, 7]
[13, 3]
[1, 5]
[2, 14]
[6, 0]
[5, 6]
[4, 0]
[5, 2]
[3, 11]
[1, 5]
[2, 11]
[8, 6]
[5, 9]
[10, 14]
[6, 1]
[13, 6]
[11, 3]
[7, 1]
[1, 13]
[10, 1]
[11, 0]
[6, 2]
[10, 8]
[9, 6]
[14, 3]
[1, 13]
[6, 13]
[11, 13]
[3, 11]
[3, 8]
[14, 1]
[2, 3]
[10, 0]
[14, 2]
[5, 3]
[8, 11]
[11, 14]
[2, 14]
[11, 4]
[13, 6]
[11, 8]
[13, 0]
[14, 2]
[13, 4]
[13, 14]
[1, 8]
[11, 10]
[14, 8]
[5, 12]
[2, 8]
[1, 2]
[1, 2]
[10, 9]
[12, 6]
[3, 11]
[13, 12]
[11, 6]
[14, 13]
[0, 7]
[0, 4]
[7, 9]
[13, 8]
[7, 10]
[10, 2]
[13, 1]
[7, 0]
[2, 4]
[10, 6]
