P1,P2,...,Pn
[5, 14]
[13, 3]
[14, 13]
[10, 14]
[11, 10]
[10, 8]
[3, 11]
[5, 14]
[0, 13]
[8, 0]
[5, 4]
[2, 14]
[10, 14]
[9, 7]
[3, 8]
[13, 3]
[12, 7]
[9, 14]
[2, 0]
[10, 14]
[8, 6]
[9, 7]
[6, 2]
[7, 12]
[5, 2]
[2, 4]
[0, 13]
[6, 5]
[10, 8]
[11, 14]
[0, 12]
[3, 9]
[3, 4]
[9, 7]
[12, 10]
[7, 11]
[7, 3]
[10, 12]
[13, 5]
[4, 13]
[5, 12]
[11, 13]
[4, 0]
[10, 8]
[6, 3]
[7, 6]
[10, 1]
[3, 13]
[1, 8]
[8, 5]
[5, 2]
[7, 3]
[12, 7]
[2, 12]
[5, 11]
[5, 4]
[1, 12]
[13, 2]
[13, 14]
[1, 3]
[3, 10]
[10, 7]
[7, 3]
[10, 9]
[12, 13]
[11, 0]
[5, 3]
[3, 4]
[4, 6]
[0, 5]
[0, 1]
[8, 2]
[5, 0]
[13, 8]
[8, 9]
[1, 14]
[10, 3]
[11, 6]
[10, 13]
[12, 7]
[3, 6]
[1, 6]
[2, 4]
[8, 11]
[1, 14]
[1, 3]
[3, 2]
[5, 2]
[10, 14]
[0, 11]
[11, 6]
[9, 0]
[13, 14]
[5, 11]
[13, 3]
[9, 5]
[14, 10]
[9, 2]
[6, 14]
[14, 9]
[2, 9]
[8, 7]
[7, 4]
[2, 5]
[13, 11]
[14, 8]
[4, 9]
