P1,P2,...,Pn
[5]
[10]
[0]
[1]
[4]
[5]
[6]
[6]
[6]
[12]
[8]
[13]
[1]
[12]
[4]
[5]
[1]
[1]
[8]
[1]
[13]
[4]
[1]
[0]
[10]
[6]
[7]
[0]
[10]
[12]
[1]
[5]
[4]
[9]
[2]
[5]
[8]
[8]
[12]
[13]
[8]
[12]
[5]
[11]
[13]
[7]
[7]
[0]
[12]
[5]
[3]
[7]
[8]
[5]
[14]
[8]
[7]
[12]
[13]
[4]
[11]
[0]
[3]
[10]
[11]
[14]
[11]
[6]
[2]
[11]
[12]
[13]
[1]
[14]
[3]
[14]
[5]
[13]
[0]
[7]
[8]
[4]
[4]
[11]
[3]
[11]
[11]
[12]
[12]
[8]
[8]
[0]
[0]
[8]
[13]
[13]
[3]
[11]
[3]
[7]
[6]
[14]
[1]
[10]
[12]
[4]
[10]
[10]
[10]
[12]
[8]
[7]
[6]
[6]
[10]
[13]
[4]
[13]
[10]
[14]
[8]
[6]
[9]
[9]
[11]
[14]
[14]
[9]
[5]
[7]
[12]
[0]
[11]
[6]
[12]
[1]
[11]
[10]
[13]
[14]
[3]
[5]
[12]
[10]
[10]
[11]
[9]
[5]
[9]
[4]
[5]
[1]
[2]
[12]
[14]
[14]
[5]
[12]
[5]
[0]
[2]
[8]
[0]
[8]
[12]
[5]
[13]
[8]
[3]
[12]
[8]
[7]
[13]
[5]
[8]
[11]
[4]
[7]
[13]
[14]
[12]
[12]
[14]
[6]
[11]
[11]
[14]
[9]
[2]
[11]
[5]
[0]
[0]
[8]
[4]
[6]
[13]
[9]
[13]
[7]
[6]
[13]
[0]
[12]
[6]
[4]
[0]
[13]
[1]
[5]
[12]
[1]
[10]
[2]
