P1,P2,...,Pn
[7, 10]
[5, 14]
[5, 9]
[11, 2]
[11, 0]
[13, 10]
[3, 4]
[6, 8]
[6, 8]
[0, 11]
[8, 5]
[8, 3]
[5, 7]
[9, 8]
[4, 6]
[10, 3]
[11, 4]
[6, 0]
[5, 9]
[13, 3]
[6, 10]
[1, 9]
[0, 6]
[2, 0]
[8, 6]
[0, 10]
[5, 11]
[1, 9]
[9, 6]
[0, 14]
[4, 3]
[9, 6]
[11, 12]
[13, 11]
[3, 4]
[10, 6]
[4, 6]
[1, 3]
[7, 11]
[14, 1]
[9, 7]
[8, 11]
[0, 2]
[5, 10]
[0, 12]
[9, 10]
[2, 8]
[8, 10]
[10, 1]
[2, 10]
[5, 12]
[14, 5]
[10, 13]
[13, 9]
[10, 11]
[8, 5]
[8, 0]
[6, 4]
[6, 4]
[4, 2]
[13, 10]
[13, 14]
[13, 3]
[14, 5]
[11, 9]
[2, 3]
[1, 12]
[11, 1]
[6, 2]
[11, 12]
[4, 14]
[5, 9]
[6, 11]
[10, 0]
[12, 2]
[11, 14]
[2, 6]
[14, 10]
[7, 2]
[10, 1]
[14, 12]
[13, 0]
[10, 0]
[6, 4]
[11, 13]
[10, 14]
[14, 5]
[7, 1]
[1, 10]
[1, 6]
[7, 3]
[8, 4]
[7, 13]
[2, 3]
[7, 8]
[8, 1]
[13, 8]
[1, 10]
[0, 13]
[14, 5]
[3, 5]
[8, 10]
[1, 2]
[14, 7]
[6, 5]
[6, 8]
[3, 0]
[6, 8]
[14, 13]
[10, 7]
[5, 9]
[1, 4]
[8, 4]
[7, 2]
