P1,P2,...,Pn
[13, 2, 9]
[0, 6, 1]
[1, 0, 9]
[4, 0, 7]
[3, 8, 7]
[4, 12, 1]
[5, 2, 0]
[0, 11, 8]
[3, 14, 4]
[3, 8, 14]
[9, 12, 0]
[11, 8, 14]
[8, 1, 0]
[1, 9, 2]
[14, 0, 11]
[10, 8, 1]
[10, 5, 11]
[3, 9, 5]
[13, 0, 3]
[11, 4, 6]
[3, 2, 1]
[12, 6, 8]
[13, 1, 2]
[1, 10, 5]
[10, 7, 3]
[12, 13, 14]
[10, 12, 13]
[2, 8, 13]
[14, 4, 5]
[11, 7, 2]
[0, 4, 10]
[1, 7, 4]
[8, 12, 0]
[8, 12, 3]
[9, 3, 2]
[0, 9, 10]
[10, 9, 11]
[10, 11, 2]
[9, 11, 10]
[12, 13, 11]
[7, 9, 4]
[7, 14, 8]
[6, 5, 13]
[5, 12, 2]
[1, 10, 6]
[12, 8, 7]
[13, 5, 2]
[13, 5, 10]
[11, 7, 6]
[11, 3, 0]
[10, 14, 12]
[7, 6, 11]
[5, 0, 14]
[1, 10, 3]
[9, 0, 2]
[11, 0, 7]
[1, 9, 12]
[0, 13, 5]
[6, 5, 14]
[6, 0, 14]
[2, 9, 6]
[11, 12, 8]
[1, 4, 12]
[14, 2, 13]
[0, 7, 4]
[9, 1, 5]
[13, 3, 10]
[11, 14, 2]
[7, 2, 6]
[1, 3, 7]
[8, 0, 11]
[0, 7, 8]
[9, 3, 2]
[12, 1, 2]
[9, 12, 3]
[0, 1, 12]
[6, 13, 11]
[1, 7, 0]
[10, 7, 1]
[6, 5, 0]
[14, 1, 7]
[2, 11, 14]
[10, 13, 2]
[12, 1, 14]
