P1,P2,...,Pn
[8, 13, 3]
[3, 5, 14]
[0, 11, 3]
[0, 3, 10]
[4, 1, 3]
[10, 4, 14]
[12, 0, 7]
[3, 5, 13]
[6, 11, 10]
[1, 12, 4]
[8, 4, 2]
[9, 13, 8]
[1, 5, 14]
[11, 2, 7]
[3, 14, 8]
[6, 14, 12]
[2, 1, 0]
[2, 0, 13]
[3, 1, 4]
[12, 3, 6]
[1, 0, 14]
[5, 4, 1]
[9, 4, 12]
[14, 10, 1]
[2, 7, 13]
[10, 4, 9]
[0, 14, 9]
[6, 11, 2]
[9, 7, 8]
[7, 12, 3]
[12, 5, 13]
[9, 8, 0]
[0, 12, 13]
[11, 5, 4]
[9, 5, 13]
[14, 8, 6]
[1, 12, 11]
[12, 4, 11]
[8, 1, 12]
[8, 4, 3]
[1, 3, 11]
[13, 2, 12]
[13, 5, 10]
[8, 6, 5]
[14, 12, 1]
[12, 1, 13]
[13, 0, 1]
[7, 6, 2]
[13, 10, 5]
[10, 7, 6]
[3, 1, 5]
[12, 1, 7]
[5, 2, 0]
[12, 10, 0]
[6, 2, 11]
[1, 6, 10]
[5, 11, 0]
[13, 4, 10]
[7, 11, 6]
[13, 2, 7]
[9, 13, 11]
[5, 4, 14]
[3, 4, 6]
[4, 10, 6]
[4, 2, 12]
[11, 4, 13]
[6, 8, 5]
[5, 12, 7]
[8, 9, 6]
[3, 6, 10]
[6, 13, 5]
[5, 3, 9]
[11, 2, 10]
[13, 1, 8]
[10, 0, 12]
[11, 12, 13]
[2, 9, 0]
[1, 8, 3]
[4, 6, 2]
[5, 9, 8]
[9, 4, 12]
[12, 1, 9]
[7, 1, 6]
[1, 7, 14]
[0, 12, 7]
[8, 3, 2]
[10, 4, 3]
[0, 4, 14]
[3, 6, 4]
[8, 13, 10]
[6, 2, 10]
[7, 5, 11]
[8, 13, 6]
[0, 10, 8]
[7, 11, 8]
[14, 3, 2]
[8, 13, 5]
[3, 12, 10]
[14, 7, 5]
[1, 4, 11]
[9, 14, 2]
[11, 1, 14]
[9, 0, 10]
[8, 6, 9]
[11, 8, 3]
[13, 2, 8]
[8, 12, 2]
[14, 3, 7]
[3, 7, 11]
[12, 5, 0]
