P1,P2,...,Pn
[6, 10, 14]
[13, 4, 0]
[5, 8, 4]
[9, 11, 13]
[8, 13, 7]
[10, 3, 1]
[8, 1, 9]
[12, 6, 5]
[2, 9, 10]
[4, 5, 11]
[1, 3, 14]
[12, 11, 5]
[10, 14, 0]
[1, 12, 2]
[0, 11, 5]
[1, 5, 12]
[14, 10, 3]
[1, 8, 4]
[4, 10, 3]
[9, 0, 10]
[12, 4, 1]
[0, 3, 10]
[13, 1, 6]
[13, 9, 14]
[10, 7, 6]
[13, 4, 6]
[5, 13, 8]
[8, 12, 1]
[10, 6, 1]
[8, 6, 5]
[12, 13, 10]
[10, 13, 4]
[2, 12, 3]
[9, 7, 11]
[7, 14, 9]
[9, 14, 3]
[7, 0, 1]
[9, 10, 8]
[11, 0, 6]
[7, 2, 8]
[5, 11, 10]
[9, 3, 10]
[10, 9, 6]
[6, 1, 12]
[11, 9, 13]
[11, 2, 5]
[14, 3, 9]
[6, 12, 3]
[10, 1, 2]
[7, 1, 12]
[6, 3, 0]
[5, 2, 7]
[7, 12, 4]
[6, 2, 3]
[9, 5, 3]
[12, 4, 1]
[5, 7, 1]
[6, 13, 4]
