P1,P2,...,Pn
[3, 13, 11]
[10, 6, 8]
[11, 7, 9]
[2, 3, 1]
[9, 5, 13]
[10, 14, 6]
[0, 8, 11]
[2, 14, 4]
[6, 2, 10]
[8, 9, 6]
[4, 7, 0]
[2, 13, 8]
[1, 12, 11]
[2, 1, 12]
[1, 11, 7]
[6, 5, 10]
[7, 12, 11]
[1, 14, 7]
[0, 9, 10]
[10, 5, 12]
[7, 2, 8]
[13, 1, 5]
[10, 2, 9]
[9, 5, 10]
[5, 8, 9]
[8, 13, 3]
[3, 5, 10]
[8, 3, 7]
[3, 6, 0]
[5, 10, 9]
[0, 11, 1]
[2, 12, 4]
[11, 3, 10]
[1, 0, 13]
[6, 13, 8]
[2, 0, 14]
[8, 7, 13]
[7, 2, 9]
[6, 10, 8]
[11, 0, 2]
[14, 13, 9]
[11, 1, 12]
[1, 2, 12]
[7, 8, 12]
[2, 12, 6]
[3, 9, 1]
[13, 14, 7]
[7, 14, 12]
[3, 6, 1]
[9, 5, 6]
[7, 9, 1]
[8, 12, 5]
[11, 6, 8]
[3, 10, 12]
[3, 1, 10]
[9, 10, 2]
[1, 6, 4]
[5, 11, 14]
[7, 13, 9]
[1, 4, 5]
[12, 0, 4]
[11, 3, 5]
[9, 5, 8]
[13, 2, 11]
[10, 13, 11]
[4, 14, 5]
[13, 0, 10]
[12, 5, 9]
[8, 0, 12]
[1, 13, 0]
[2, 14, 4]
[14, 2, 10]
[12, 9, 1]
[11, 0, 13]
[14, 6, 2]
[14, 11, 4]
[3, 1, 14]
[8, 11, 1]
[5, 14, 12]
[9, 11, 8]
[10, 13, 9]
[3, 9, 0]
[5, 2, 4]
[8, 14, 0]
[13, 9, 0]
[8, 6, 12]
[13, 9, 11]
[0, 13, 10]
[1, 9, 14]
[6, 9, 4]
[13, 11, 9]
[0, 12, 13]
[14, 2, 5]
[7, 1, 10]
[12, 1, 3]
[3, 4, 9]
[12, 9, 14]
[6, 11, 2]
[12, 10, 4]
[10, 9, 3]
[3, 7, 5]
[3, 6, 4]
[4, 14, 8]
[5, 1, 6]
[1, 4, 12]
[11, 5, 3]
[7, 9, 0]
[13, 14, 10]
[7, 3, 6]
[11, 9, 10]
[2, 10, 9]
[11, 9, 7]
[14, 9, 2]
[13, 1, 9]
[7, 13, 6]
[5, 4, 8]
[5, 12, 10]
[9, 3, 6]
[7, 0, 12]
[1, 7, 13]
[10, 6, 11]
[13, 10, 4]
[0, 9, 11]
[5, 12, 10]
[4, 8, 0]
[3, 1, 4]
[5, 8, 11]
[13, 7, 2]
[7, 10, 4]
[1, 2, 7]
[10, 1, 6]
[0, 14, 8]
[4, 5, 1]
[1, 10, 8]
[12, 8, 4]
[8, 11, 1]
[13, 0, 1]
[8, 11, 4]
[13, 4, 5]
[6, 8, 13]
[5, 12, 7]
[5, 11, 14]
[1, 11, 9]
[10, 8, 4]
[13, 11, 7]
[0, 4, 11]
[9, 5, 3]
[11, 3, 6]
[10, 0, 9]
[11, 6, 10]
[5, 3, 11]
[3, 2, 9]
[10, 12, 1]
[9, 13, 6]
[6, 0, 3]
[3, 13, 12]
[7, 8, 2]
[9, 6, 0]
[9, 2, 6]
[9, 11, 14]
[7, 3, 12]
[7, 10, 14]
[1, 0, 2]
[14, 5, 10]
[13, 4, 10]
[12, 1, 2]
[6, 0, 3]
[12, 3, 13]
[7, 9, 12]
[9, 2, 8]
[13, 14, 11]
[14, 3, 11]
[3, 1, 9]
[3, 7, 13]
[6, 7, 12]
[1, 4, 11]
[8, 3, 9]
[6, 10, 8]
[8, 12, 3]
[14, 13, 6]
[10, 9, 11]
[6, 1, 13]
[4, 12, 0]
[6, 11, 12]
[1, 7, 3]
[12, 5, 9]
[8, 3, 13]
[8, 13, 1]
[12, 1, 9]
[0, 11, 10]
[6, 3, 8]
[11, 9, 14]
[2, 10, 4]
[14, 5, 4]
[12, 13, 6]
[13, 3, 4]
[6, 5, 14]
[13, 0, 7]
[2, 1, 9]
[2, 4, 11]
[8, 1, 2]
[9, 6, 11]
[2, 12, 6]
[2, 13, 11]
[11, 7, 2]
[8, 12, 7]
[10, 8, 1]
[5, 0, 13]
[5, 12, 14]
[6, 14, 5]
[14, 13, 4]
[8, 5, 3]
[7, 1, 3]
[13, 11, 14]
[5, 10, 1]
[4, 7, 9]
[13, 14, 3]
[7, 12, 9]
[3, 14, 8]
[14, 5, 3]
[14, 0, 11]
[4, 1, 5]
[0, 13, 6]
[13, 3, 1]
[12, 9, 14]
[7, 13, 6]
[13, 5, 2]
[12, 4, 5]
[2, 0, 7]
[0, 5, 9]
[8, 2, 0]
[14, 9, 0]
[2, 14, 6]
[6, 14, 12]
[8, 7, 0]
[1, 9, 12]
[13, 9, 7]
[13, 5, 10]
[3, 0, 5]
[0, 5, 4]
[13, 2, 7]
[7, 0, 9]
[2, 12, 10]
[10, 5, 13]
[1, 3, 14]
[9, 0, 3]
[10, 4, 12]
[7, 1, 10]
[1, 12, 0]
[1, 5, 8]
[5, 1, 14]
[6, 2, 3]
[14, 5, 13]
[4, 12, 5]
[4, 13, 8]
[10, 7, 2]
[14, 4, 13]
[13, 12, 9]
[5, 0, 2]
[4, 13, 5]
[13, 10, 0]
[6, 8, 13]
[3, 10, 0]
[11, 5, 2]
[12, 3, 0]
[11, 3, 9]
[7, 8, 0]
[9, 3, 1]
[13, 3, 10]
[12, 0, 2]
[14, 3, 8]
[8, 14, 3]
[10, 1, 9]
[6, 10, 9]
[6, 10, 2]
[10, 1, 6]
[3, 7, 6]
[3, 4, 10]
[12, 8, 1]
[8, 12, 10]
[1, 10, 5]
[13, 11, 0]
[8, 2, 7]
[13, 8, 7]
[3, 6, 14]
[14, 3, 1]
[6, 9, 1]
[6, 3, 5]
[10, 4, 13]
[14, 0, 6]
[14, 9, 6]
[12, 6, 4]
[1, 3, 12]
[8, 13, 12]
[9, 10, 0]
[12, 8, 11]
