P1,P2,...,Pn
[14, 10]
[9, 11]
[6, 3]
[13, 10]
[11, 14]
[6, 4]
[14, 8]
[9, 11]
[4, 1]
[5, 9]
[9, 8]
[6, 9]
[9, 7]
[4, 10]
[14, 6]
[6, 14]
[13, 1]
[2, 6]
[5, 7]
[14, 9]
[10, 3]
[8, 6]
[14, 10]
[10, 3]
[0, 3]
[10, 14]
[10, 2]
[9, 2]
[11, 10]
[11, 9]
[8, 9]
[4, 13]
[2, 7]
[2, 10]
[2, 1]
[7, 6]
[2, 10]
[11, 2]
[10, 4]
[8, 3]
[11, 3]
[5, 13]
[7, 2]
[9, 6]
[13, 6]
[14, 6]
[10, 5]
[0, 2]
[12, 10]
[5, 10]
[6, 7]
[11, 6]
[2, 0]
[5, 12]
[2, 6]
[1, 11]
[2, 3]
[4, 7]
[12, 1]
[11, 14]
[6, 8]
[5, 3]
[13, 9]
[0, 11]
[11, 14]
[4, 13]
[11, 1]
[9, 5]
[9, 2]
[12, 13]
[2, 3]
[14, 0]
[8, 9]
[12, 1]
[5, 2]
[11, 1]
[4, 1]
[2, 5]
[12, 14]
[14, 6]
[0, 13]
[11, 4]
[1, 5]
[5, 3]
[4, 1]
[6, 9]
[13, 2]
[10, 8]
[14, 10]
[10, 6]
[13, 4]
[12, 10]
[12, 9]
[4, 8]
[0, 12]
[5, 7]
[9, 11]
[0, 1]
[2, 13]
[5, 8]
[4, 8]
[4, 3]
[9, 7]
[2, 12]
[4, 5]
[5, 6]
[7, 11]
[10, 13]
[9, 1]
[14, 10]
[3, 8]
[3, 12]
