P1,P2,...,Pn
[12, 5]
[5, 14]
[3, 8]
[9, 5]
[14, 3]
[11, 0]
[11, 6]
[5, 9]
[11, 5]
[0, 7]
[4, 12]
[0, 5]
[1, 10]
[7, 12]
[5, 9]
[13, 6]
[9, 8]
[0, 12]
[4, 7]
[5, 10]
[3, 10]
[9, 7]
[4, 13]
[11, 9]
[12, 9]
[13, 5]
[14, 12]
[11, 9]
[14, 6]
[4, 7]
[7, 0]
[14, 0]
[6, 0]
[4, 3]
[10, 9]
[14, 1]
[2, 0]
[10, 5]
[14, 2]
[8, 7]
[7, 8]
[12, 10]
[5, 14]
[9, 11]
[1, 7]
[9, 11]
[4, 5]
[8, 6]
[14, 1]
[14, 1]
[1, 0]
[8, 1]
[0, 11]
[10, 12]
[1, 6]
[6, 14]
[5, 1]
[9, 6]
[3, 12]
[1, 6]
[0, 1]
[12, 4]
[5, 0]
[14, 10]
[14, 10]
[10, 14]
[0, 11]
[6, 14]
[0, 8]
[9, 3]
[7, 3]
[1, 11]
[8, 9]
[2, 6]
[1, 2]
[11, 5]
[6, 1]
[11, 3]
[3, 8]
[10, 9]
[7, 14]
[7, 5]
[9, 12]
[1, 7]
[14, 6]
[3, 7]
[9, 10]
[4, 13]
[11, 0]
[11, 13]
[2, 9]
[12, 4]
[7, 1]
[11, 8]
[10, 11]
[4, 3]
[13, 10]
[0, 1]
[3, 4]
[12, 6]
[0, 10]
[9, 7]
[2, 6]
[13, 6]
[12, 7]
[0, 11]
[2, 0]
[3, 7]
[8, 7]
[11, 2]
[0, 13]
[3, 1]
[6, 10]
[4, 12]
[6, 3]
[4, 13]
[8, 0]
[3, 2]
[13, 5]
[12, 1]
[11, 14]
[1, 2]
[6, 13]
[4, 11]
[6, 13]
[4, 0]
[6, 14]
[2, 1]
[6, 4]
[13, 4]
[10, 3]
[8, 0]
[7, 14]
[4, 14]
[6, 5]
[11, 14]
[8, 2]
[1, 2]
[5, 8]
[6, 0]
[9, 7]
[9, 1]
[8, 3]
[8, 1]
[10, 0]
[8, 11]
[4, 9]
[14, 3]
[5, 11]
[8, 9]
[14, 4]
[10, 3]
[10, 8]
[14, 4]
[0, 9]
[1, 7]
[13, 14]
[8, 7]
[7, 1]
[1, 6]
[2, 7]
[12, 8]
[3, 13]
[2, 5]
[0, 1]
[10, 4]
[3, 13]
[8, 13]
[9, 8]
[14, 7]
[14, 9]
[7, 3]
[5, 4]
[2, 10]
[11, 3]
[10, 5]
[3, 12]
[10, 4]
[13, 14]
[0, 4]
[13, 10]
[6, 13]
[12, 6]
[13, 10]
[0, 7]
[3, 5]
[13, 11]
[1, 7]
