P1,P2,...,Pn
[10]
[12]
[1]
[9]
[7]
[9]
[6]
[1]
[8]
[10]
[14]
[8]
[9]
[2]
[12]
[8]
[10]
[0]
[9]
[10]
[13]
[3]
[11]
[7]
[9]
[9]
[6]
[11]
[2]
[12]
[0]
[11]
[13]
[1]
[0]
[5]
[7]
[14]
[1]
[2]
[11]
[1]
[13]
[6]
[6]
[13]
[3]
[3]
[0]
[9]
[9]
[1]
[10]
[8]
[9]
[10]
[0]
[7]
[1]
[13]
[6]
[0]
[1]
[6]
[4]
[0]
[1]
[9]
[14]
[13]
[12]
[7]
[1]
[1]
[12]
[6]
[11]
[1]
[1]
[10]
[9]
[3]
[8]
[1]
[2]
[8]
[1]
[11]
[13]
[3]
[6]
[8]
[5]
[4]
[5]
[4]
[9]
[1]
[8]
[0]
[1]
[14]
[2]
[5]
[10]
[3]
[11]
[7]
[4]
[1]
[11]
[9]
[14]
[8]
[2]
[7]
[11]
[12]
[1]
[14]
[13]
[0]
[8]
[4]
[3]
[12]
[14]
[4]
[6]
[13]
[5]
[11]
[11]
[7]
[12]
[9]
[13]
[5]
[10]
[9]
[12]
[7]
[10]
[12]
[6]
[2]
[2]
[4]
[9]
[7]
[11]
[1]
[6]
[9]
[6]
[11]
[3]
[5]
[5]
[6]
[13]
[0]
[3]
[2]
[14]
[8]
[13]
[0]
[13]
[14]
[6]
[10]
[6]
[0]
[2]
[3]
[12]
[0]
[13]
[1]
[6]
[6]
[9]
[0]
[8]
[14]
[11]
[5]
[6]
[9]
[2]
[14]
[7]
[4]
[13]
[5]
[1]
[11]
[5]
[9]
[14]
[1]
[12]
[5]
[1]
[8]
[6]
[0]
[12]
[5]
[3]
[13]
[6]
[11]
[11]
[13]
[12]
[4]
[9]
[10]
[10]
[12]
[13]
[11]
[0]
[11]
[7]
[13]
[5]
[6]
[1]
[7]
