P1,P2,...,Pn
[9, 12, 8]
[13, 7, 12]
[10, 6, 0]
[10, 14, 12]
[9, 12, 3]
[9, 0, 3]
[6, 13, 7]
[13, 6, 1]
[7, 11, 3]
[7, 3, 6]
[6, 5, 13]
[1, 13, 4]
[11, 0, 3]
[5, 11, 8]
[11, 8, 1]
[2, 5, 4]
[8, 12, 5]
[5, 0, 3]
[9, 5, 6]
[11, 5, 8]
[13, 3, 0]
[6, 2, 13]
[2, 11, 8]
[14, 7, 0]
[10, 12, 2]
[14, 8, 1]
[9, 13, 4]
[13, 8, 7]
[1, 13, 8]
[5, 8, 14]
[10, 5, 7]
[3, 11, 2]
[11, 8, 12]
[7, 13, 6]
[9, 6, 14]
[8, 4, 5]
[11, 4, 6]
[11, 5, 1]
[12, 11, 3]
[2, 3, 11]
[0, 4, 2]
[1, 13, 0]
[13, 1, 6]
[3, 4, 8]
[1, 13, 9]
[9, 14, 0]
[14, 11, 1]
[2, 13, 3]
[0, 3, 4]
[5, 1, 12]
[5, 1, 13]
[8, 1, 13]
[10, 5, 7]
[4, 11, 5]
[0, 11, 8]
[11, 12, 0]
[7, 14, 12]
[11, 7, 4]
[6, 9, 11]
[9, 0, 10]
[4, 11, 7]
[4, 12, 7]
[13, 3, 7]
[4, 13, 1]
[0, 6, 10]
[3, 6, 5]
[0, 3, 10]
[3, 1, 6]
[10, 14, 1]
[1, 8, 2]
[10, 13, 11]
[10, 12, 4]
[1, 6, 10]
[13, 4, 12]
[9, 13, 4]
[2, 14, 3]
[6, 4, 12]
[7, 12, 5]
[4, 12, 2]
[9, 7, 8]
[7, 5, 3]
[11, 7, 14]
[1, 7, 4]
[12, 2, 3]
[8, 7, 11]
[7, 3, 2]
[13, 6, 5]
[6, 1, 2]
[13, 3, 6]
[2, 1, 7]
[12, 5, 0]
[13, 2, 11]
[3, 1, 5]
[1, 6, 8]
[5, 3, 11]
[0, 3, 12]
[0, 6, 11]
[6, 7, 12]
[0, 7, 3]
[6, 8, 11]
[11, 13, 12]
[14, 12, 7]
[1, 2, 5]
[9, 13, 6]
[10, 4, 3]
[4, 6, 0]
[12, 11, 3]
[6, 12, 1]
[9, 14, 8]
[12, 1, 3]
[0, 11, 14]
[8, 4, 9]
[8, 6, 7]
[4, 1, 10]
[10, 1, 4]
[7, 4, 11]
[12, 11, 10]
[0, 9, 5]
[12, 4, 6]
[13, 0, 12]
[8, 1, 4]
[1, 9, 8]
[3, 9, 0]
[2, 3, 10]
[4, 11, 10]
[5, 8, 0]
