P1,P2,...,Pn
[14, 9]
[8, 0]
[6, 11]
[11, 7]
[9, 4]
[14, 9]
[3, 5]
[5, 0]
[6, 9]
[0, 13]
[11, 8]
[14, 9]
[0, 6]
[13, 4]
[6, 3]
[8, 5]
[3, 7]
[5, 3]
[11, 5]
[5, 13]
[7, 9]
[2, 6]
[7, 6]
[10, 3]
[6, 11]
[1, 9]
[10, 2]
[0, 7]
[13, 14]
[1, 13]
[3, 14]
[1, 0]
[4, 0]
[10, 11]
[14, 7]
[11, 14]
[12, 6]
[2, 5]
[5, 8]
[1, 7]
[9, 8]
[7, 0]
[1, 5]
[4, 12]
[4, 12]
[11, 5]
[3, 11]
[12, 9]
[12, 8]
[13, 11]
[6, 8]
[7, 12]
[13, 5]
[11, 3]
[8, 3]
[8, 5]
[9, 10]
[3, 11]
[7, 2]
[4, 14]
[10, 12]
[6, 12]
[8, 13]
[9, 6]
[13, 8]
[12, 5]
[5, 0]
[13, 6]
[13, 3]
[3, 1]
[3, 6]
[1, 4]
[12, 8]
[10, 0]
[13, 2]
[8, 14]
[4, 13]
[12, 13]
[3, 7]
[3, 2]
[5, 8]
[8, 4]
[14, 11]
[10, 0]
[7, 2]
[10, 5]
[7, 10]
[7, 5]
[9, 3]
[7, 0]
[2, 10]
[3, 13]
[5, 0]
[7, 4]
[7, 0]
[8, 13]
[11, 4]
[6, 5]
[11, 12]
[8, 9]
[3, 14]
[1, 14]
[2, 14]
[6, 4]
[13, 0]
[10, 11]
[11, 0]
[2, 7]
[5, 11]
[8, 1]
[7, 6]
[6, 8]
[4, 10]
[3, 8]
[1, 8]
[3, 10]
[5, 14]
[11, 3]
