P1,P2,...,Pn
[6, 2, 7]
[4, 12, 3]
[0, 9, 11]
[12, 9, 11]
[2, 9, 10]
[2, 14, 9]
[4, 7, 6]
[3, 2, 10]
[10, 14, 2]
[6, 0, 3]
[0, 4, 9]
[5, 9, 12]
[3, 4, 14]
[5, 13, 11]
[8, 5, 12]
[1, 14, 0]
[7, 14, 12]
[6, 10, 12]
[12, 2, 1]
[0, 6, 14]
[12, 3, 9]
[1, 6, 9]
[5, 14, 12]
[9, 6, 10]
[8, 6, 7]
[10, 14, 6]
[9, 5, 7]
[6, 8, 11]
[14, 2, 8]
[4, 7, 0]
[3, 4, 7]
[14, 3, 6]
[1, 7, 3]
[7, 14, 12]
[4, 11, 7]
[3, 9, 10]
[0, 11, 13]
[2, 10, 5]
[5, 0, 1]
[1, 13, 5]
[5, 12, 0]
[8, 12, 10]
[1, 6, 0]
[14, 5, 7]
[7, 3, 8]
[14, 13, 9]
[13, 6, 8]
[5, 9, 4]
[0, 1, 5]
[10, 3, 6]
[12, 2, 8]
[6, 7, 11]
[8, 12, 3]
[11, 3, 7]
[3, 1, 7]
[0, 1, 11]
[6, 1, 5]
[3, 2, 8]
[4, 6, 9]
[10, 4, 12]
[4, 14, 5]
[14, 7, 10]
[12, 6, 8]
[13, 0, 5]
[2, 14, 12]
[0, 7, 14]
[1, 12, 11]
[3, 4, 6]
[10, 13, 2]
[11, 10, 0]
[7, 2, 12]
[5, 6, 13]
[10, 5, 9]
[11, 13, 2]
[14, 6, 5]
[6, 10, 3]
[10, 8, 1]
[14, 10, 9]
[13, 12, 8]
[5, 11, 6]
[10, 6, 2]
[13, 5, 12]
[9, 3, 6]
[11, 5, 1]
[14, 11, 5]
[8, 0, 10]
[5, 13, 14]
[13, 4, 14]
[8, 4, 12]
[4, 0, 11]
[8, 2, 3]
[4, 14, 3]
[10, 11, 6]
[1, 7, 3]
[0, 5, 4]
[7, 0, 4]
[8, 11, 1]
[5, 14, 12]
[12, 2, 11]
[2, 7, 11]
[14, 2, 6]
[6, 4, 10]
[12, 11, 5]
[0, 7, 5]
[7, 4, 12]
[9, 14, 0]
[3, 0, 4]
[3, 1, 6]
[12, 2, 8]
[13, 2, 5]
[8, 10, 14]
[14, 9, 12]
[1, 9, 6]
[11, 10, 7]
[6, 7, 8]
[11, 10, 1]
[1, 2, 4]
[4, 2, 7]
[2, 13, 3]
[10, 9, 2]
[12, 11, 7]
[14, 13, 6]
[4, 8, 5]
[5, 4, 7]
[3, 6, 7]
[13, 14, 11]
[3, 14, 10]
[6, 14, 2]
[4, 12, 0]
[3, 11, 14]
[9, 4, 11]
[4, 12, 5]
[14, 10, 0]
[0, 1, 3]
[1, 8, 3]
[7, 10, 1]
[2, 0, 13]
[13, 7, 8]
[13, 5, 7]
