P1,P2,...,Pn
[11, 13, 0]
[10, 1, 3]
[12, 9, 14]
[2, 6, 5]
[2, 3, 5]
[6, 4, 8]
[2, 6, 5]
[2, 12, 5]
[0, 13, 11]
[9, 7, 6]
[12, 7, 11]
[2, 6, 10]
[4, 13, 11]
[4, 7, 13]
[11, 0, 3]
[11, 1, 0]
[2, 11, 14]
[0, 10, 14]
[10, 6, 5]
[13, 0, 7]
[14, 4, 8]
[11, 12, 7]
[3, 11, 8]
[5, 8, 3]
[11, 0, 1]
[4, 11, 1]
[6, 5, 2]
[10, 9, 4]
[0, 9, 5]
[2, 5, 6]
[2, 3, 0]
[10, 13, 14]
[2, 8, 13]
[1, 12, 0]
[13, 6, 10]
[0, 6, 2]
[7, 9, 13]
[14, 13, 8]
[0, 10, 3]
[2, 0, 11]
[2, 9, 1]
[10, 0, 3]
[2, 11, 0]
[2, 12, 9]
[13, 0, 10]
[0, 8, 13]
[0, 1, 13]
[6, 5, 9]
[8, 6, 7]
[11, 9, 13]
[5, 11, 6]
[7, 10, 8]
[5, 4, 1]
[11, 14, 12]
[2, 13, 11]
[14, 13, 3]
[5, 14, 9]
[3, 2, 13]
[12, 9, 4]
[8, 2, 9]
[0, 7, 6]
[7, 11, 0]
[5, 7, 9]
[2, 10, 12]
[3, 0, 11]
[13, 8, 3]
[3, 2, 7]
[4, 7, 14]
[5, 6, 12]
[0, 7, 12]
[0, 8, 10]
[12, 1, 0]
[11, 14, 9]
[0, 9, 3]
[0, 13, 2]
[6, 7, 0]
[7, 3, 10]
[7, 0, 9]
[8, 12, 7]
[5, 10, 13]
[12, 14, 11]
[7, 13, 3]
[7, 13, 4]
[1, 14, 0]
[10, 1, 14]
[9, 3, 8]
[3, 14, 6]
[4, 9, 14]
[8, 3, 13]
[9, 3, 2]
[2, 12, 1]
[3, 12, 8]
[11, 10, 5]
[10, 6, 0]
[6, 10, 7]
[13, 6, 4]
[9, 10, 0]
[5, 10, 3]
[8, 0, 13]
[1, 9, 0]
[12, 1, 2]
[4, 10, 2]
[11, 8, 13]
[4, 6, 0]
[3, 9, 12]
[6, 9, 10]
[14, 6, 13]
[13, 6, 2]
[2, 12, 6]
[7, 11, 5]
[0, 9, 1]
[10, 1, 12]
[10, 2, 4]
[11, 0, 14]
[9, 6, 4]
[4, 8, 9]
[4, 6, 13]
[6, 3, 12]
[5, 1, 11]
[12, 2, 8]
[6, 5, 2]
[7, 9, 13]
[2, 11, 5]
[3, 13, 0]
[11, 14, 0]
[7, 11, 5]
[0, 12, 8]
[2, 9, 0]
[6, 10, 9]
[3, 2, 6]
[6, 2, 3]
[14, 0, 1]
[0, 7, 5]
[2, 11, 10]
[14, 12, 1]
[12, 5, 3]
[11, 9, 4]
[1, 11, 13]
[11, 10, 5]
[12, 3, 14]
[2, 6, 1]
[4, 5, 7]
[5, 13, 11]
[12, 1, 7]
[3, 8, 1]
[6, 4, 0]
[0, 5, 2]
[2, 3, 1]
[12, 13, 5]
[0, 6, 4]
[13, 1, 0]
[4, 2, 0]
[4, 7, 9]
[4, 9, 2]
[14, 8, 5]
[13, 5, 4]
[7, 10, 12]
[5, 13, 9]
[0, 10, 9]
[8, 9, 1]
[4, 6, 8]
[9, 0, 1]
[2, 13, 4]
[1, 14, 9]
[11, 5, 12]
[4, 7, 2]
