P1,P2,...,Pn
[10]
[4]
[11]
[6]
[5]
[10]
[0]
[1]
[13]
[14]
[5]
[4]
[1]
[10]
[3]
[3]
[9]
[0]
[12]
[12]
[4]
[10]
[0]
[8]
[14]
[9]
[2]
[6]
[1]
[0]
[12]
[2]
[14]
[10]
[10]
[11]
[2]
[0]
[1]
[4]
[2]
[11]
[12]
[1]
[0]
[2]
[2]
[3]
[2]
[12]
[2]
[1]
[12]
[5]
[4]
[13]
[3]
[14]
[9]
[3]
[3]
[13]
[5]
[13]
[12]
[0]
[1]
[8]
[6]
[14]
[10]
[11]
[14]
[7]
[14]
[7]
[2]
[9]
[10]
[8]
[5]
[11]
[7]
[12]
[8]
[3]
[6]
[3]
[6]
[3]
[0]
[1]
[6]
[9]
[4]
[12]
[13]
[13]
[14]
[1]
[4]
[14]
[6]
[1]
[4]
[2]
[9]
[14]
[3]
[9]
[4]
[13]
[6]
[1]
[14]
[3]
[11]
