P1,P2,...,Pn
[11]
[7]
[4]
[6]
[7]
[13]
[1]
[8]
[1]
[4]
[1]
[5]
[14]
[7]
[13]
[10]
[4]
[6]
[3]
[0]
[1]
[5]
[8]
[7]
[11]
[8]
[2]
[3]
[4]
[9]
[10]
[4]
[10]
[1]
[4]
[14]
[10]
[14]
[5]
[12]
[9]
[5]
[14]
[13]
[5]
[2]
[12]
[10]
[3]
[8]
[2]
[3]
[14]
[8]
[2]
[1]
[13]
[11]
[7]
[7]
[14]
[9]
[5]
[3]
[8]
[7]
[7]
[9]
[11]
[4]
[11]
[6]
[7]
[0]
[9]
[8]
[5]
[7]
[4]
[12]
[14]
[9]
[2]
[14]
[11]
[10]
[3]
[7]
[1]
[13]
[8]
[8]
[8]
[5]
[13]
[9]
[9]
[2]
[8]
[10]
[2]
[8]
[8]
[1]
[8]
[6]
[10]
[0]
[3]
[1]
[3]
[6]
[14]
[7]
[9]
[9]
[13]
[11]
[10]
[9]
[11]
[4]
[6]
[0]
[6]
[7]
[8]
[8]
[14]
[10]
[12]
[3]
[12]
[9]
[4]
[14]
[7]
[3]
[1]
[14]
[14]
[8]
[10]
[4]
[13]
[9]
[6]
[5]
[9]
[1]
[0]
[1]
[14]
[8]
[7]
[12]
[14]
[14]
[2]
[7]
[5]
[4]
[5]
[10]
[2]
[6]
[12]
[5]
[12]
[3]
[9]
[2]
[0]
[13]
[3]
[6]
[11]
[13]
[8]
[11]
[1]
[13]
[3]
[5]
[12]
[5]
[3]
[5]
[4]
[1]
[11]
[10]
[1]
[2]
[13]
