P1,P2,...,Pn
[2, 4]
[1, 6]
[12, 2]
[8, 9]
[3, 5]
[8, 3]
[3, 4]
[8, 13]
[6, 14]
[12, 11]
[13, 10]
[2, 4]
[8, 2]
[10, 9]
[5, 8]
[5, 1]
[11, 0]
[8, 10]
[7, 14]
[1, 9]
[11, 2]
[10, 0]
[14, 6]
[8, 9]
[1, 14]
[11, 1]
[7, 8]
[4, 9]
[7, 12]
[2, 11]
[5, 4]
[2, 11]
[14, 5]
[9, 14]
[9, 2]
[13, 0]
[10, 12]
[8, 0]
[0, 6]
[4, 14]
[2, 10]
[11, 13]
[1, 0]
[8, 9]
[2, 14]
[6, 13]
[1, 9]
[9, 10]
[0, 4]
[0, 11]
[1, 10]
[8, 9]
[2, 13]
[1, 14]
[14, 0]
[7, 2]
[12, 5]
[12, 0]
[12, 3]
[14, 3]
[0, 7]
[4, 13]
[10, 4]
[11, 8]
[9, 2]
[7, 8]
[3, 9]
[0, 8]
[6, 13]
[9, 7]
[0, 7]
[8, 3]
[10, 3]
[7, 9]
[10, 0]
[14, 6]
[0, 14]
[1, 9]
[13, 10]
[8, 0]
[4, 5]
[1, 11]
