P1,P2,...,Pn
[7]
[10]
[0]
[10]
[2]
[7]
[0]
[1]
[13]
[12]
[2]
[6]
[7]
[6]
[12]
[8]
[10]
[0]
[12]
[10]
[10]
[12]
[6]
[2]
[3]
[1]
[0]
[10]
[12]
[0]
[4]
[0]
[14]
[3]
[8]
[7]
[5]
[1]
[4]
[8]
[14]
[13]
[2]
[2]
[12]
[1]
[14]
[13]
[10]
[6]
[1]
[1]
[0]
[6]
[3]
[7]
[8]
[1]
[2]
[6]
[5]
[9]
[3]
[10]
[11]
[8]
[1]
[2]
[6]
[10]
[1]
[10]
[9]
[1]
[6]
[11]
[13]
[10]
[3]
[12]
[6]
[13]
[1]
[8]
[7]
[13]
[0]
[14]
[7]
[7]
[3]
[12]
[1]
[9]
[1]
[0]
[0]
[1]
[2]
[3]
[12]
[8]
[12]
[8]
[12]
[14]
[14]
[6]
[0]
[11]
[5]
[5]
[0]
[7]
[9]
[6]
[7]
[5]
[4]
[1]
[8]
[2]
[10]
[8]
[6]
[6]
[11]
[1]
[11]
[2]
[14]
[11]
[10]
[8]
[11]
[3]
[5]
[9]
[12]
[12]
[13]
[5]
[0]
[12]
[14]
[7]
[2]
[14]
[6]
[13]
[12]
[13]
[10]
[8]
[9]
[11]
[7]
[3]
[12]
[3]
[7]
[8]
[2]
[10]
[3]
[10]
[5]
[7]
[8]
[2]
[8]
[7]
[8]
[7]
[7]
[12]
[7]
[3]
[0]
[4]
[6]
[5]
[2]
[1]
[1]
[0]
[1]
[13]
[14]
