P1,P2,...,Pn
[10]
[2]
[1]
[4]
[11]
[6]
[14]
[5]
[3]
[2]
[2]
[2]
[11]
[2]
[0]
[14]
[11]
[2]
[10]
[8]
[14]
[13]
[7]
[9]
[2]
[10]
[6]
[12]
[5]
[9]
[3]
[1]
[14]
[12]
[8]
[11]
[14]
[4]
[10]
[5]
[9]
[5]
[11]
[14]
[2]
[4]
[4]
[13]
[2]
[0]
[9]
[12]
[11]
[12]
[2]
[13]
[6]
[4]
[9]
[6]
[11]
[2]
[14]
[11]
[4]
[3]
[4]
[9]
[14]
[14]
[9]
[6]
[14]
[1]
[5]
[14]
[0]
[6]
[10]
[13]
[4]
[3]
[8]
[12]
[8]
[4]
[14]
[1]
[5]
[10]
[2]
[1]
[4]
[9]
[4]
[10]
[5]
[2]
[8]
[5]
[3]
[7]
[2]
[14]
[6]
[4]
[13]
[10]
[14]
[10]
[11]
[8]
[1]
[0]
[11]
[14]
[7]
[14]
[6]
[14]
[12]
[1]
[5]
[12]
[6]
[1]
[12]
[10]
[2]
[1]
[10]
[7]
[14]
[9]
[9]
[8]
[8]
[5]
[6]
[9]
[13]
[11]
[6]
[13]
[4]
[0]
[11]
[6]
[6]
[4]
[13]
[3]
[6]
[4]
[7]
[0]
[1]
[0]
[6]
[2]
[5]
[10]
[7]
[9]
[4]
[4]
[12]
[6]
[10]
[14]
[7]
[0]
[9]
[3]
[14]
[11]
[10]
[3]
[4]
[9]
[2]
[2]
[1]
