P1,P2,...,Pn
[13, 14]
[2, 4]
[12, 9]
[12, 8]
[1, 8]
[0, 4]
[5, 2]
[10, 2]
[0, 2]
[14, 0]
[0, 5]
[8, 2]
[8, 12]
[11, 1]
[4, 6]
[13, 10]
[10, 4]
[8, 13]
[6, 3]
[2, 11]
[1, 2]
[14, 2]
[7, 10]
[5, 13]
[7, 11]
[2, 12]
[1, 7]
[0, 7]
[2, 14]
[4, 3]
[7, 8]
[8, 12]
[10, 14]
[14, 12]
[11, 1]
[5, 1]
[8, 6]
[1, 13]
[14, 11]
[12, 11]
[0, 8]
[10, 6]
[9, 0]
[6, 11]
[8, 14]
[1, 0]
[9, 0]
[6, 7]
[6, 14]
[1, 9]
[9, 2]
[0, 7]
[13, 7]
[0, 4]
[9, 2]
[4, 5]
[12, 3]
[12, 7]
[11, 10]
[14, 13]
[14, 0]
[1, 14]
[11, 3]
[11, 1]
[3, 5]
[7, 3]
[6, 4]
[12, 13]
[12, 13]
[7, 13]
[2, 13]
[4, 2]
[8, 6]
[1, 11]
[11, 9]
[7, 8]
[14, 10]
[5, 11]
[0, 7]
[14, 11]
[4, 11]
[2, 6]
[5, 2]
[7, 1]
[8, 5]
[3, 12]
[0, 8]
[10, 0]
[2, 9]
[8, 12]
[11, 8]
[14, 11]
[11, 3]
[8, 1]
[3, 5]
[13, 5]
[13, 6]
[4, 9]
[3, 2]
[7, 10]
[12, 13]
[10, 0]
[0, 11]
[12, 5]
[2, 5]
[4, 0]
[3, 9]
[9, 6]
[12, 7]
[14, 12]
[9, 4]
[7, 10]
[3, 14]
[7, 13]
[10, 3]
[14, 5]
[7, 1]
[14, 10]
[9, 4]
[10, 6]
[7, 0]
[10, 9]
[12, 8]
[8, 9]
[4, 14]
[14, 10]
[8, 11]
[0, 11]
[7, 8]
[1, 8]
[14, 9]
[1, 12]
[8, 1]
[12, 2]
[4, 3]
[7, 2]
[4, 11]
[10, 12]
[3, 8]
[1, 14]
[11, 14]
[5, 7]
[6, 7]
[7, 3]
[13, 9]
[12, 11]
[11, 12]
[5, 11]
[8, 12]
[12, 9]
[6, 7]
[12, 1]
[11, 13]
[3, 7]
[2, 3]
[0, 7]
[11, 5]
[12, 3]
[7, 3]
[5, 6]
[14, 12]
[7, 12]
[12, 4]
[12, 11]
[5, 10]
[3, 6]
[10, 9]
[0, 10]
[8, 7]
[9, 11]
[10, 8]
[5, 13]
[0, 10]
[2, 6]
[14, 1]
[0, 12]
[0, 14]
[11, 7]
[6, 8]
[13, 7]
[11, 5]
[7, 13]
[14, 8]
[4, 12]
[5, 4]
[2, 10]
[12, 11]
[11, 8]
[12, 11]
[12, 6]
[3, 6]
[2, 12]
[5, 1]
[2, 4]
[7, 2]
[13, 5]
[14, 12]
[3, 13]
[5, 11]
[5, 3]
[7, 12]
[10, 14]
[3, 7]
[10, 2]
[6, 2]
[6, 10]
[9, 1]
[12, 5]
[12, 0]
[10, 1]
[6, 8]
[4, 5]
[12, 11]
[11, 14]
[5, 11]
[4, 11]
[5, 14]
[9, 7]
[11, 0]
[11, 13]
[6, 8]
[9, 8]
[4, 8]
[9, 1]
[3, 12]
[9, 3]
[13, 12]
[10, 0]
[12, 6]
[3, 5]
[4, 8]
[12, 1]
