P1,P2,...,Pn
[12, 4, 7]
[5, 10, 13]
[13, 1, 4]
[13, 4, 0]
[4, 11, 14]
[14, 2, 1]
[7, 8, 9]
[3, 10, 12]
[14, 10, 8]
[4, 11, 1]
[3, 9, 1]
[0, 13, 11]
[9, 14, 5]
[0, 13, 5]
[5, 2, 14]
[3, 2, 8]
[4, 13, 6]
[9, 7, 14]
[1, 11, 0]
[3, 1, 11]
[3, 11, 2]
[10, 12, 14]
[7, 13, 8]
[14, 1, 4]
[13, 8, 11]
[4, 13, 2]
[2, 5, 12]
[8, 4, 3]
[11, 3, 14]
[3, 9, 11]
[12, 3, 11]
[12, 6, 3]
[10, 5, 4]
[14, 3, 8]
[5, 13, 14]
[12, 11, 4]
[13, 2, 3]
[1, 6, 10]
[0, 6, 1]
[12, 13, 9]
[12, 6, 9]
[5, 3, 13]
[10, 3, 13]
[0, 11, 6]
[14, 12, 2]
[4, 12, 11]
[13, 11, 0]
[0, 11, 12]
[6, 10, 14]
[2, 14, 11]
[14, 3, 6]
[4, 3, 2]
[1, 2, 10]
[12, 6, 4]
[0, 1, 11]
[1, 3, 11]
[3, 1, 9]
[10, 13, 9]
[1, 5, 8]
[12, 6, 2]
[4, 14, 5]
[5, 8, 10]
[4, 12, 9]
[5, 3, 14]
[3, 9, 4]
[1, 10, 2]
[9, 12, 7]
[10, 4, 6]
[4, 5, 9]
[6, 12, 10]
[10, 11, 0]
[3, 1, 11]
[13, 11, 10]
[0, 12, 4]
[3, 7, 13]
[0, 10, 9]
[3, 11, 4]
[4, 10, 1]
[12, 2, 5]
[0, 2, 8]
[5, 1, 10]
[6, 9, 7]
[7, 10, 6]
[14, 4, 7]
[5, 3, 7]
[2, 9, 8]
[5, 9, 2]
[10, 11, 8]
[5, 0, 11]
[12, 2, 0]
[4, 9, 0]
[8, 13, 12]
[9, 6, 13]
[12, 1, 3]
[12, 11, 1]
[5, 4, 10]
[1, 4, 10]
[0, 9, 10]
[11, 6, 13]
[7, 0, 5]
[2, 5, 10]
[7, 0, 13]
[13, 11, 7]
[2, 6, 12]
[6, 12, 2]
[5, 14, 1]
[8, 12, 0]
[12, 6, 2]
[10, 12, 1]
[9, 13, 12]
[4, 7, 6]
[4, 2, 7]
[3, 8, 7]
[3, 14, 0]
[9, 3, 13]
[12, 1, 5]
[4, 8, 14]
[1, 14, 6]
[2, 13, 10]
[5, 3, 8]
[6, 2, 13]
[6, 0, 10]
[14, 0, 7]
[8, 1, 14]
[4, 1, 5]
[11, 7, 12]
[4, 14, 11]
[13, 8, 9]
[4, 10, 0]
[4, 6, 11]
[14, 7, 8]
[10, 9, 3]
[4, 5, 9]
[12, 2, 4]
[13, 1, 5]
[4, 6, 8]
[13, 2, 11]
[7, 4, 13]
