P1,P2,...,Pn
[5, 1]
[7, 2]
[7, 10]
[13, 12]
[2, 13]
[9, 2]
[1, 9]
[1, 6]
[13, 12]
[6, 9]
[0, 14]
[8, 9]
[1, 11]
[14, 10]
[11, 14]
[12, 8]
[8, 6]
[9, 6]
[14, 12]
[9, 12]
[0, 2]
[8, 11]
[0, 10]
[13, 12]
[12, 3]
[12, 10]
[4, 5]
[0, 11]
[2, 12]
[1, 9]
[12, 2]
[10, 3]
[10, 11]
[9, 3]
[12, 10]
[4, 1]
[13, 11]
[9, 10]
[0, 12]
[0, 12]
[8, 4]
[1, 4]
[12, 2]
[5, 12]
[5, 0]
[0, 13]
[3, 5]
[4, 8]
[8, 12]
[14, 5]
[7, 9]
[5, 2]
[3, 8]
[8, 3]
[13, 11]
[10, 3]
[14, 9]
[13, 9]
[4, 8]
[9, 10]
[0, 5]
[13, 9]
[2, 9]
[10, 7]
[5, 4]
[2, 14]
[4, 0]
[9, 1]
[13, 12]
[1, 8]
[1, 0]
[0, 5]
[2, 11]
[12, 7]
[7, 1]
[6, 11]
[12, 13]
[10, 11]
[7, 1]
[7, 0]
[3, 0]
[7, 2]
[8, 13]
[0, 8]
[5, 2]
[8, 2]
[14, 11]
[4, 8]
[3, 8]
[8, 14]
[6, 10]
[12, 3]
[14, 1]
[8, 7]
[7, 6]
[4, 8]
[6, 1]
[4, 6]
[7, 1]
[5, 8]
[12, 13]
[6, 5]
[11, 14]
[5, 2]
[8, 4]
[10, 11]
[1, 2]
[5, 10]
[11, 12]
[11, 6]
[4, 2]
[2, 13]
[1, 9]
[4, 10]
[9, 10]
[14, 0]
[2, 9]
[6, 8]
[3, 5]
[3, 4]
[11, 5]
[10, 8]
[3, 11]
[3, 12]
[8, 3]
[9, 2]
[4, 2]
[12, 10]
[1, 12]
[11, 13]
[10, 5]
[13, 12]
[7, 2]
[11, 12]
[4, 2]
