P1,P2,...,Pn
[11, 4]
[5, 14]
[2, 5]
[10, 12]
[2, 0]
[8, 7]
[3, 5]
[7, 5]
[11, 7]
[2, 11]
[2, 0]
[13, 7]
[7, 3]
[5, 8]
[1, 5]
[3, 2]
[6, 11]
[1, 7]
[1, 10]
[8, 4]
[9, 5]
[0, 2]
[10, 14]
[7, 5]
[1, 4]
[0, 8]
[13, 7]
[8, 4]
[4, 13]
[11, 8]
[7, 11]
[5, 9]
[12, 6]
[4, 3]
[9, 2]
[0, 14]
[10, 7]
[7, 10]
[3, 11]
[13, 0]
[5, 12]
[6, 13]
[14, 1]
[10, 5]
[9, 4]
[4, 11]
[1, 10]
[13, 10]
[4, 0]
[10, 1]
[1, 8]
[8, 5]
[14, 13]
[3, 6]
[0, 9]
[12, 5]
[8, 5]
[10, 14]
[11, 7]
[2, 6]
[5, 7]
[6, 13]
[12, 3]
[7, 11]
[0, 1]
[7, 12]
[11, 10]
[7, 9]
[3, 9]
[7, 2]
[8, 9]
[6, 14]
[11, 8]
[4, 3]
[10, 5]
[5, 7]
[10, 3]
[7, 2]
[8, 0]
[14, 6]
[8, 13]
[7, 10]
[2, 11]
[14, 0]
[14, 4]
[7, 9]
[8, 6]
[6, 0]
[12, 14]
[9, 13]
[12, 2]
[13, 11]
[2, 10]
[5, 13]
[4, 5]
[6, 10]
[7, 13]
[2, 0]
[13, 8]
[5, 14]
[9, 13]
[8, 5]
[14, 4]
[14, 13]
[1, 9]
[0, 7]
[0, 8]
[5, 0]
[9, 0]
[1, 14]
[8, 10]
[9, 14]
[2, 7]
[7, 10]
[1, 4]
[12, 5]
[11, 2]
[0, 14]
[10, 4]
[5, 1]
[0, 12]
[9, 2]
[6, 4]
[11, 1]
[10, 8]
[0, 6]
[3, 13]
[10, 3]
[7, 3]
[1, 3]
[1, 4]
[11, 9]
[2, 11]
[0, 7]
[5, 3]
[6, 5]
[14, 2]
[0, 9]
[0, 14]
[0, 5]
[11, 8]
[10, 5]
[12, 14]
[3, 8]
[2, 3]
[13, 6]
[7, 5]
[9, 7]
[14, 5]
[4, 1]
[3, 2]
[14, 2]
[11, 13]
[9, 1]
[3, 2]
[13, 10]
[14, 0]
[10, 4]
[3, 7]
[12, 9]
[9, 7]
[7, 11]
[9, 13]
[6, 1]
[9, 7]
[8, 10]
[6, 10]
[5, 0]
[7, 12]
[11, 7]
[9, 7]
[0, 1]
[6, 14]
[9, 12]
[6, 2]
[14, 4]
[9, 11]
[0, 3]
[7, 1]
[14, 13]
[13, 8]
[10, 9]
[7, 0]
[7, 1]
[2, 3]
[3, 6]
[0, 3]
[8, 0]
[10, 6]
[12, 9]
[6, 0]
[0, 2]
[14, 0]
[8, 0]
[0, 8]
[4, 5]
[0, 4]
[0, 3]
[7, 2]
[10, 1]
[2, 4]
[1, 2]
[3, 6]
[4, 3]
[9, 4]
[7, 5]
[0, 13]
[8, 4]
[8, 3]
[12, 9]
[9, 0]
[12, 5]
[4, 14]
[8, 12]
[8, 14]
[7, 2]
[4, 10]
[13, 2]
[9, 3]
[5, 0]
[0, 1]
[2, 12]
[14, 6]
[1, 11]
[6, 8]
[7, 8]
[14, 4]
[4, 10]
[0, 12]
[11, 6]
[5, 2]
[4, 7]
[13, 9]
