P1,P2,...,Pn
[8, 2]
[8, 11]
[12, 2]
[2, 13]
[4, 2]
[11, 5]
[8, 2]
[5, 2]
[5, 1]
[11, 3]
[12, 14]
[11, 0]
[14, 5]
[10, 2]
[2, 13]
[8, 7]
[7, 10]
[5, 7]
[1, 14]
[10, 6]
[11, 6]
[13, 11]
[14, 5]
[4, 3]
[2, 14]
[12, 2]
[7, 2]
[6, 9]
[12, 1]
[0, 2]
[10, 4]
[3, 10]
[6, 3]
[12, 3]
[2, 14]
[7, 0]
[4, 0]
[13, 9]
[0, 1]
[10, 0]
[10, 13]
[7, 11]
[0, 13]
[4, 5]
[13, 3]
[4, 8]
[0, 6]
[5, 2]
[8, 13]
[11, 0]
[10, 12]
[7, 10]
[13, 5]
[8, 2]
[10, 9]
[4, 13]
[1, 12]
[14, 0]
[7, 2]
[6, 13]
[8, 4]
[6, 3]
[10, 0]
[8, 3]
[8, 11]
[11, 7]
[5, 3]
[11, 9]
