P1,P2,...,Pn
[0, 6]
[1, 9]
[9, 6]
[7, 4]
[9, 14]
[13, 11]
[7, 0]
[0, 7]
[7, 4]
[1, 5]
[0, 6]
[2, 1]
[2, 8]
[8, 3]
[11, 9]
[10, 4]
[9, 1]
[9, 8]
[4, 10]
[8, 7]
[2, 7]
[10, 6]
[5, 9]
[7, 2]
[4, 2]
[7, 6]
[7, 9]
[13, 6]
[4, 10]
[1, 0]
[12, 6]
[7, 4]
[10, 13]
[11, 7]
[12, 11]
[3, 0]
[7, 12]
[3, 0]
[0, 10]
[2, 14]
[13, 9]
[10, 12]
[2, 1]
[4, 13]
[9, 4]
[10, 6]
[0, 14]
[10, 0]
[11, 9]
[13, 11]
[7, 11]
[9, 7]
[0, 6]
[3, 11]
[14, 12]
[8, 0]
[2, 7]
[1, 11]
[12, 9]
[10, 4]
[14, 5]
[8, 11]
[6, 0]
[8, 3]
[12, 5]
[14, 9]
[10, 3]
[14, 5]
[7, 9]
[12, 2]
[0, 5]
[2, 6]
[4, 2]
[11, 3]
[0, 9]
[14, 11]
[1, 8]
[13, 1]
[4, 10]
[0, 5]
[1, 9]
[10, 2]
[7, 2]
[5, 6]
[14, 8]
[11, 0]
[0, 5]
[8, 3]
[13, 1]
[14, 11]
[14, 12]
[12, 4]
[11, 1]
[10, 3]
[2, 12]
[9, 2]
[6, 2]
[1, 9]
[3, 14]
[14, 13]
[13, 3]
[6, 14]
[7, 14]
[10, 1]
[0, 2]
[2, 8]
[0, 9]
[5, 12]
[13, 4]
[1, 2]
[12, 7]
[1, 3]
[9, 5]
[4, 1]
[10, 7]
[3, 7]
[5, 6]
[6, 10]
[6, 10]
[0, 11]
[14, 4]
[7, 2]
[5, 1]
[8, 4]
[14, 4]
[3, 7]
