P1,P2,...,Pn
[4, 12, 2]
[3, 14, 2]
[12, 3, 5]
[0, 5, 7]
[9, 1, 4]
[6, 12, 5]
[5, 11, 8]
[6, 7, 14]
[11, 5, 7]
[14, 10, 2]
[0, 1, 8]
[1, 13, 6]
[8, 12, 9]
[13, 9, 7]
[5, 4, 11]
[6, 0, 1]
[1, 3, 0]
[7, 3, 8]
[1, 0, 2]
[10, 7, 12]
[13, 9, 0]
[4, 1, 5]
[12, 9, 1]
[14, 1, 9]
[6, 4, 11]
[3, 7, 12]
[9, 7, 5]
[10, 3, 8]
[13, 6, 14]
[4, 13, 11]
[7, 4, 5]
[3, 11, 9]
[4, 10, 3]
[2, 9, 13]
[3, 9, 13]
[1, 10, 4]
[1, 10, 6]
[3, 2, 11]
[8, 11, 13]
[9, 3, 6]
[5, 12, 10]
[13, 4, 9]
[14, 2, 5]
[13, 6, 10]
[9, 8, 10]
[10, 0, 12]
[10, 7, 14]
[0, 5, 9]
[8, 10, 11]
[3, 4, 7]
[8, 6, 14]
[8, 3, 7]
[2, 8, 13]
[7, 11, 9]
[0, 14, 10]
[5, 1, 2]
[9, 7, 5]
[5, 6, 3]
[7, 10, 14]
[12, 6, 9]
[8, 6, 13]
[7, 11, 12]
[9, 12, 7]
[8, 11, 5]
[9, 8, 13]
[4, 8, 7]
[7, 10, 11]
[14, 1, 13]
[7, 1, 9]
[9, 8, 3]
[2, 11, 3]
[9, 5, 7]
[9, 6, 11]
[0, 12, 1]
[13, 7, 9]
[14, 11, 5]
[0, 10, 6]
[8, 7, 1]
[5, 4, 10]
[12, 9, 14]
[3, 12, 0]
[11, 10, 4]
[9, 5, 8]
[11, 1, 6]
[13, 9, 7]
[10, 13, 5]
[13, 4, 0]
[4, 2, 1]
[2, 3, 11]
[0, 14, 12]
[7, 0, 6]
[3, 0, 2]
[3, 8, 9]
[8, 10, 14]
[5, 4, 12]
[14, 1, 0]
[7, 14, 6]
[8, 7, 12]
[3, 5, 14]
[11, 6, 9]
[3, 6, 1]
[4, 3, 14]
[9, 7, 11]
[8, 4, 6]
[4, 7, 11]
[0, 9, 2]
[9, 3, 4]
[8, 3, 5]
[11, 10, 12]
[11, 5, 6]
[4, 1, 6]
[13, 12, 3]
[14, 2, 6]
[0, 7, 9]
[3, 5, 4]
[12, 7, 8]
[2, 13, 14]
[9, 2, 0]
[2, 11, 6]
[8, 12, 11]
[9, 2, 12]
[13, 0, 3]
[1, 11, 8]
[0, 9, 3]
[8, 6, 10]
[1, 3, 5]
[1, 4, 14]
[10, 14, 1]
[9, 14, 10]
[3, 10, 5]
[7, 6, 3]
[11, 10, 6]
[10, 3, 6]
[10, 13, 5]
[12, 4, 1]
[7, 5, 8]
[0, 11, 2]
[8, 11, 7]
[7, 3, 10]
[4, 10, 14]
[3, 4, 10]
[5, 14, 10]
[13, 3, 9]
[11, 8, 1]
[8, 13, 14]
[14, 0, 1]
[7, 13, 6]
[0, 7, 6]
[6, 12, 13]
[8, 13, 1]
[10, 14, 8]
[1, 5, 7]
[6, 2, 0]
[1, 14, 5]
[3, 10, 14]
[8, 0, 10]
[14, 13, 2]
[6, 11, 12]
[14, 0, 2]
[1, 7, 13]
[14, 8, 9]
[2, 10, 4]
[12, 13, 4]
[10, 6, 11]
[6, 1, 3]
[13, 9, 1]
[0, 11, 4]
[9, 2, 14]
[13, 2, 14]
[4, 10, 2]
[10, 8, 2]
[10, 1, 4]
[3, 11, 14]
[2, 5, 11]
[13, 12, 7]
[1, 12, 3]
[14, 8, 5]
[9, 5, 8]
[3, 14, 9]
[8, 12, 6]
[3, 14, 9]
[8, 11, 6]
[1, 14, 11]
[13, 11, 0]
[2, 9, 10]
[3, 1, 11]
[3, 4, 13]
[0, 4, 7]
[12, 14, 8]
[2, 4, 8]
[4, 11, 1]
[8, 0, 1]
