P1,P2,...,Pn
[14]
[1]
[0]
[12]
[8]
[14]
[12]
[10]
[10]
[9]
[10]
[0]
[8]
[0]
[12]
[3]
[2]
[0]
[6]
[4]
[2]
[5]
[14]
[14]
[7]
[4]
[6]
[0]
[10]
[5]
[2]
[0]
[7]
[3]
[7]
[12]
[10]
[8]
[8]
[8]
[12]
[2]
[10]
[1]
[10]
[4]
[3]
[2]
[6]
[1]
[11]
[7]
[7]
[10]
[7]
[8]
[11]
[6]
[7]
[10]
[13]
[10]
[14]
[3]
[4]
[13]
[11]
[6]
[4]
[8]
[12]
[12]
[7]
[6]
[14]
[8]
[7]
[9]
[3]
[10]
[5]
[0]
[3]
[6]
[4]
[13]
[14]
[7]
[7]
[7]
[9]
[5]
[9]
[11]
[7]
[10]
[6]
[3]
[11]
[11]
[7]
[8]
[1]
[0]
[10]
[4]
[1]
[8]
[3]
[4]
[13]
[5]
[8]
[11]
[8]
[2]
[5]
[12]
[13]
[1]
[9]
[5]
[10]
[8]
[2]
[10]
[6]
[14]
[3]
[7]
[7]
[12]
[13]
[1]
[12]
[10]
[0]
[12]
[10]
[6]
[12]
[1]
[5]
[8]
[8]
[14]
[12]
[5]
[10]
[14]
[5]
[10]
[10]
[5]
[10]
[13]
[8]
[10]
[7]
[7]
[11]
[9]
[14]
[10]
[12]
[2]
[14]
[2]
[13]
[13]
[2]
[13]
[0]
[13]
[7]
[2]
[1]
[3]
[4]
[5]
[10]
[2]
[7]
[8]
[5]
[11]
[8]
[5]
[3]
[3]
[7]
[3]
[10]
[1]
[14]
[10]
[10]
[0]
[14]
[2]
[2]
[12]
[14]
[7]
[0]
[12]
[8]
[8]
[5]
[10]
[12]
[0]
[4]
[12]
[11]
[10]
[8]
[12]
[8]
[13]
[5]
[1]
[2]
[12]
[8]
[1]
[7]
[2]
[14]
[8]
[3]
[14]
[13]
[12]
