P1,P2,...,Pn
[3, 11]
[14, 11]
[0, 7]
[13, 10]
[6, 11]
[2, 11]
[2, 1]
[4, 1]
[6, 12]
[5, 10]
[11, 3]
[8, 13]
[11, 14]
[8, 7]
[1, 9]
[1, 9]
[2, 14]
[13, 8]
[11, 1]
[2, 4]
[6, 12]
[13, 7]
[12, 3]
[4, 11]
[1, 4]
[12, 5]
[9, 3]
[11, 3]
[6, 14]
[9, 5]
[5, 12]
[1, 8]
[8, 14]
[12, 14]
[11, 5]
[7, 5]
[4, 13]
[10, 3]
[10, 7]
[6, 4]
[3, 6]
[10, 8]
[3, 0]
[7, 10]
[14, 7]
[5, 2]
[11, 4]
[3, 14]
[13, 8]
[2, 0]
[9, 2]
[4, 14]
[4, 14]
[7, 10]
[1, 8]
[14, 10]
[2, 8]
[8, 9]
[14, 8]
[8, 7]
[4, 9]
[12, 6]
[12, 8]
[10, 11]
[12, 2]
[3, 1]
[8, 7]
[0, 10]
[6, 13]
[5, 11]
[6, 12]
[12, 0]
[10, 9]
[10, 3]
[13, 7]
[4, 7]
[0, 4]
[9, 3]
[5, 9]
[12, 1]
[5, 11]
[3, 7]
[0, 7]
[0, 13]
[12, 10]
[11, 7]
[4, 5]
[2, 3]
[14, 11]
[1, 9]
[0, 6]
[9, 7]
[0, 4]
[4, 6]
[1, 0]
[6, 12]
[11, 6]
[10, 5]
[9, 11]
[10, 11]
[8, 7]
[6, 8]
[0, 2]
[1, 11]
[7, 10]
[13, 7]
[7, 3]
[2, 5]
[14, 2]
[11, 10]
[3, 14]
[11, 0]
[3, 11]
[3, 6]
[6, 7]
[9, 0]
[4, 0]
[2, 8]
[14, 7]
[6, 4]
[8, 6]
[10, 8]
[11, 6]
[4, 0]
[13, 9]
[10, 1]
[1, 9]
[5, 4]
[9, 3]
[9, 0]
[5, 8]
[2, 3]
[5, 8]
[0, 4]
[4, 2]
[0, 3]
[14, 13]
[0, 13]
[10, 12]
[2, 8]
[10, 1]
[4, 10]
[8, 1]
[11, 1]
[7, 12]
[13, 7]
[2, 6]
[12, 3]
[5, 9]
[8, 5]
[9, 5]
[13, 10]
[10, 1]
[2, 1]
[12, 3]
[13, 3]
[4, 11]
[13, 10]
[3, 9]
[12, 6]
[1, 10]
[4, 3]
[5, 11]
[14, 6]
[4, 9]
[8, 6]
[13, 2]
[7, 10]
[1, 8]
[12, 6]
[11, 7]
[5, 2]
[10, 6]
[14, 5]
[6, 8]
[6, 7]
[8, 5]
[1, 7]
[9, 0]
[8, 6]
[2, 9]
[4, 5]
[11, 14]
[5, 13]
[12, 4]
[2, 13]
[12, 6]
[13, 4]
[4, 5]
[13, 2]
[14, 2]
[6, 7]
[4, 7]
[7, 12]
[1, 4]
[12, 7]
[8, 9]
[14, 11]
[14, 12]
