P1,P2,...,Pn
[3, 14, 0]
[7, 4, 11]
[0, 11, 9]
[4, 0, 10]
[1, 9, 4]
[0, 11, 14]
[13, 7, 2]
[13, 0, 11]
[3, 14, 7]
[8, 3, 7]
[4, 6, 0]
[1, 12, 8]
[12, 10, 5]
[3, 14, 7]
[12, 3, 11]
[11, 5, 10]
[0, 10, 1]
[4, 14, 1]
[8, 10, 3]
[9, 12, 4]
[0, 11, 7]
[8, 2, 5]
[13, 4, 7]
[5, 14, 6]
[11, 3, 0]
[5, 2, 13]
[5, 8, 6]
[7, 8, 14]
[9, 12, 3]
[12, 4, 11]
[5, 13, 3]
[14, 13, 7]
[3, 2, 7]
[0, 12, 14]
[8, 3, 12]
[9, 8, 10]
[13, 6, 1]
[10, 2, 6]
[5, 7, 2]
[0, 14, 8]
[9, 7, 10]
[4, 8, 12]
[9, 2, 8]
[0, 4, 5]
[8, 0, 6]
[2, 6, 9]
[1, 2, 0]
[8, 3, 2]
[12, 5, 10]
[3, 8, 0]
[12, 10, 3]
[12, 9, 3]
[9, 6, 3]
[3, 12, 2]
[5, 0, 10]
[1, 6, 0]
[7, 10, 11]
[4, 14, 9]
[11, 3, 12]
[2, 3, 5]
[7, 3, 12]
[1, 0, 13]
