P1,P2,...,Pn
[8]
[6]
[6]
[14]
[11]
[1]
[3]
[0]
[1]
[11]
[8]
[7]
[14]
[11]
[7]
[3]
[13]
[13]
[11]
[1]
[5]
[0]
[0]
[0]
[0]
[8]
[11]
[0]
[12]
[4]
[1]
[4]
[12]
[12]
[5]
[13]
[1]
[1]
[3]
[13]
[7]
[14]
[12]
[2]
[9]
[8]
[0]
[0]
[0]
[7]
[13]
[12]
[8]
[10]
[11]
[4]
[6]
[8]
[2]
[0]
[5]
[1]
[6]
[4]
[9]
[2]
[6]
[4]
[14]
[2]
[2]
[14]
[12]
[2]
[2]
[7]
[10]
[0]
[6]
[10]
[3]
[10]
[8]
[4]
[9]
[6]
[13]
[9]
[6]
[10]
[5]
[6]
[8]
[9]
[0]
[2]
[4]
[11]
[13]
[6]
[11]
[2]
[12]
[1]
[7]
[12]
[4]
[6]
[14]
[12]
[7]
[5]
[1]
[1]
[3]
