P1,P2,...,Pn
[10, 3, 5]
[5, 14, 12]
[10, 5, 7]
[0, 14, 7]
[0, 11, 9]
[10, 12, 0]
[3, 4, 8]
[11, 10, 9]
[4, 13, 10]
[12, 1, 8]
[12, 7, 10]
[0, 9, 10]
[8, 14, 9]
[12, 1, 0]
[11, 8, 1]
[1, 6, 8]
[4, 14, 8]
[8, 11, 9]
[10, 1, 12]
[6, 8, 1]
[10, 9, 8]
[0, 10, 6]
[5, 11, 4]
[12, 13, 5]
[3, 12, 11]
[10, 3, 12]
[7, 14, 8]
[8, 11, 10]
[8, 5, 13]
[5, 9, 13]
[0, 2, 11]
[14, 8, 3]
[0, 14, 4]
[2, 1, 3]
[10, 2, 8]
[6, 11, 5]
[11, 3, 1]
[6, 5, 11]
[10, 9, 13]
[14, 7, 9]
[8, 5, 12]
[0, 12, 3]
[3, 2, 5]
[3, 5, 2]
[14, 7, 5]
[3, 2, 4]
[2, 9, 14]
[3, 9, 12]
[9, 14, 12]
[2, 11, 6]
[8, 0, 4]
[6, 3, 13]
[7, 6, 11]
[7, 6, 9]
[4, 10, 13]
[12, 11, 13]
[0, 9, 10]
[11, 8, 4]
[9, 0, 10]
[4, 11, 10]
[6, 9, 2]
[3, 8, 2]
[4, 5, 13]
[0, 9, 4]
[2, 0, 8]
[4, 7, 2]
[10, 11, 0]
[0, 13, 10]
[1, 7, 8]
[2, 4, 12]
[6, 9, 11]
[11, 4, 1]
[1, 11, 4]
[14, 8, 2]
[8, 6, 2]
[3, 11, 14]
[10, 7, 2]
[1, 7, 9]
[0, 7, 8]
[5, 10, 8]
[1, 10, 0]
[4, 6, 0]
[10, 12, 8]
[1, 6, 9]
[5, 12, 3]
[8, 6, 0]
[1, 4, 11]
[8, 14, 13]
[6, 12, 9]
[10, 6, 2]
[4, 9, 3]
[7, 3, 10]
