P1,P2,...,Pn
[11, 3, 0]
[12, 1, 11]
[4, 3, 5]
[3, 0, 11]
[1, 14, 5]
[7, 6, 13]
[4, 14, 7]
[8, 13, 1]
[6, 0, 9]
[9, 4, 0]
[11, 8, 5]
[10, 4, 0]
[0, 11, 10]
[12, 7, 13]
[2, 11, 5]
[2, 8, 10]
[7, 13, 1]
[7, 6, 0]
[7, 5, 14]
[8, 7, 11]
[11, 7, 12]
[6, 2, 10]
[1, 2, 12]
[4, 5, 10]
[12, 4, 2]
[4, 14, 11]
[7, 11, 6]
[13, 0, 6]
[12, 11, 6]
[9, 2, 7]
[12, 2, 4]
[13, 12, 3]
[1, 11, 10]
[0, 9, 8]
[12, 10, 14]
[7, 12, 4]
[1, 12, 7]
[3, 4, 2]
[10, 7, 12]
[7, 6, 14]
[1, 6, 12]
[9, 13, 0]
[2, 3, 8]
[13, 0, 1]
[4, 1, 13]
[4, 1, 10]
[14, 4, 12]
[13, 3, 7]
[1, 5, 13]
[6, 5, 4]
[2, 13, 1]
[4, 2, 11]
[9, 6, 0]
[12, 6, 10]
[9, 11, 8]
[11, 2, 7]
[10, 3, 1]
[8, 6, 12]
[8, 0, 12]
[7, 6, 10]
[14, 9, 5]
[0, 3, 8]
[10, 1, 3]
[2, 12, 5]
[7, 1, 10]
[4, 1, 11]
[8, 9, 5]
[11, 14, 9]
[13, 8, 5]
[0, 4, 8]
[6, 1, 7]
[5, 4, 1]
[0, 9, 6]
[4, 5, 1]
[8, 14, 2]
[13, 9, 3]
[13, 14, 3]
[2, 6, 7]
[12, 5, 7]
[4, 0, 9]
[11, 8, 10]
[0, 12, 8]
[8, 14, 12]
[12, 14, 11]
[11, 8, 10]
[11, 14, 3]
[10, 12, 7]
[1, 11, 5]
[14, 7, 6]
[4, 9, 10]
[0, 9, 2]
[10, 8, 0]
[7, 2, 1]
[8, 7, 3]
[9, 11, 5]
[14, 6, 8]
[9, 5, 11]
[14, 8, 9]
[11, 4, 14]
[0, 1, 14]
[9, 0, 13]
[0, 2, 4]
[6, 5, 14]
[7, 4, 13]
[12, 2, 7]
[5, 13, 9]
[14, 8, 9]
[5, 6, 4]
[5, 3, 8]
[13, 3, 8]
[2, 10, 0]
[11, 6, 4]
[5, 9, 3]
[1, 10, 9]
[5, 10, 9]
[9, 5, 0]
