P1,P2,...,Pn
[4, 7, 8]
[7, 0, 1]
[13, 3, 2]
[3, 8, 0]
[3, 13, 9]
[14, 0, 11]
[3, 8, 6]
[10, 3, 4]
[3, 9, 13]
[2, 3, 5]
[9, 5, 2]
[0, 7, 3]
[5, 11, 13]
[5, 3, 9]
[11, 8, 6]
[2, 10, 13]
[11, 7, 6]
[1, 13, 6]
[14, 6, 0]
[11, 0, 9]
[8, 5, 14]
[12, 0, 11]
[8, 0, 12]
[11, 10, 12]
[6, 2, 1]
[10, 0, 4]
[6, 4, 8]
[13, 0, 2]
[8, 13, 11]
[9, 8, 12]
[13, 7, 6]
[13, 3, 8]
[8, 13, 10]
[5, 12, 0]
[11, 1, 7]
[3, 2, 0]
[0, 12, 11]
[5, 6, 11]
[13, 9, 6]
[3, 14, 12]
[1, 4, 2]
[11, 9, 1]
[6, 9, 5]
[6, 4, 1]
[3, 6, 8]
[1, 14, 11]
[5, 11, 2]
[8, 10, 9]
[13, 8, 1]
[2, 13, 14]
[14, 2, 11]
[5, 10, 11]
[9, 5, 12]
[3, 13, 8]
[9, 7, 3]
[12, 9, 3]
[8, 5, 1]
[2, 4, 3]
[2, 1, 11]
[6, 1, 9]
[0, 4, 6]
[11, 2, 6]
[4, 10, 13]
[3, 5, 1]
[8, 13, 5]
[0, 9, 6]
[14, 7, 8]
[3, 6, 9]
[10, 6, 4]
[9, 6, 3]
[8, 9, 5]
[9, 0, 14]
[13, 8, 11]
[1, 8, 9]
[3, 11, 10]
[13, 3, 6]
[12, 0, 5]
[4, 2, 12]
[7, 14, 11]
[3, 12, 11]
[2, 6, 9]
[13, 7, 0]
[14, 9, 7]
[12, 2, 7]
[13, 8, 1]
[13, 5, 2]
[14, 13, 10]
[3, 8, 10]
[7, 14, 2]
[7, 13, 4]
[7, 9, 5]
[11, 9, 10]
[8, 12, 3]
