P1,P2,...,Pn
[11]
[0]
[10]
[2]
[0]
[10]
[0]
[9]
[10]
[12]
[7]
[4]
[4]
[6]
[9]
[10]
[13]
[14]
[5]
[11]
[5]
[11]
[11]
[4]
[9]
[14]
[8]
[6]
[0]
[3]
[4]
[8]
[14]
[3]
[4]
[3]
[13]
[4]
[9]
[4]
[9]
[11]
[7]
[0]
[13]
[12]
[7]
[12]
[7]
[12]
[4]
[5]
[14]
[3]
[8]
[9]
[3]
[10]
[6]
[9]
[9]
[14]
[2]
[9]
[12]
[6]
[10]
[0]
[10]
[6]
[2]
[11]
[7]
[0]
[8]
[10]
[2]
[4]
[14]
[4]
[12]
[9]
[5]
[3]
[5]
[2]
[8]
[3]
[13]
[13]
[6]
[14]
[0]
[5]
[3]
[12]
[11]
[12]
[1]
[5]
[7]
[3]
[5]
[1]
[0]
[12]
[9]
[5]
[11]
[2]
[9]
[0]
[14]
[3]
[7]
[8]
[9]
[11]
[1]
[0]
[13]
[0]
[4]
[3]
[4]
[11]
[9]
[14]
[4]
[13]
[1]
[11]
[10]
[2]
[14]
[2]
[2]
[7]
[12]
[1]
[6]
[8]
[1]
[10]
[10]
[10]
[1]
[10]
[7]
[0]
[12]
[4]
[0]
[7]
[2]
[14]
[14]
