P1,P2,...,Pn
[5, 2, 0]
[5, 6, 8]
[2, 8, 5]
[4, 3, 14]
[5, 14, 6]
[7, 13, 0]
[2, 9, 13]
[10, 2, 12]
[6, 3, 14]
[5, 1, 7]
[8, 2, 11]
[11, 0, 14]
[14, 8, 13]
[11, 8, 9]
[0, 13, 4]
[2, 13, 12]
[7, 6, 12]
[3, 9, 14]
[2, 10, 9]
[5, 12, 7]
[10, 11, 12]
[12, 1, 2]
[10, 6, 4]
[11, 7, 3]
[8, 1, 2]
[7, 9, 4]
[11, 3, 9]
[6, 12, 13]
[3, 10, 7]
[13, 14, 3]
[8, 7, 2]
[13, 14, 6]
[12, 7, 9]
[11, 13, 9]
[3, 10, 6]
[11, 12, 2]
[0, 11, 14]
[6, 12, 14]
[11, 6, 14]
[0, 4, 6]
[2, 8, 9]
[6, 9, 4]
[12, 6, 11]
[12, 14, 13]
[14, 12, 13]
[11, 2, 0]
[6, 4, 8]
[8, 5, 7]
[1, 9, 4]
[4, 8, 6]
[6, 8, 0]
[10, 0, 2]
[3, 0, 11]
[2, 6, 1]
[11, 6, 1]
[0, 8, 3]
[4, 7, 8]
[8, 11, 6]
[5, 1, 14]
[12, 5, 2]
[9, 14, 13]
[9, 14, 0]
[9, 7, 12]
[3, 4, 5]
[8, 1, 0]
[5, 8, 10]
[4, 7, 10]
[0, 5, 7]
[2, 1, 3]
[12, 11, 10]
[13, 7, 1]
[9, 13, 3]
[7, 2, 8]
[10, 5, 0]
[14, 13, 5]
[10, 1, 13]
[4, 11, 3]
[8, 11, 10]
[6, 0, 7]
[0, 5, 2]
[2, 5, 12]
[9, 8, 6]
[4, 3, 7]
[4, 10, 11]
[14, 11, 13]
[6, 11, 12]
[3, 11, 14]
[8, 10, 1]
[7, 1, 0]
[13, 6, 7]
[1, 3, 4]
[9, 12, 0]
[14, 2, 3]
[14, 7, 8]
[3, 8, 5]
[5, 6, 13]
[9, 11, 3]
[7, 13, 2]
[4, 12, 1]
[2, 14, 3]
[1, 3, 2]
[0, 5, 2]
[8, 1, 11]
[6, 11, 14]
[10, 9, 6]
[7, 6, 13]
[10, 6, 2]
[12, 7, 14]
[11, 0, 6]
[11, 12, 10]
[13, 4, 1]
[11, 10, 1]
[12, 4, 13]
[3, 1, 5]
[5, 8, 10]
[1, 10, 0]
[4, 0, 1]
[9, 8, 2]
[0, 6, 10]
[2, 1, 5]
[12, 14, 1]
[4, 8, 11]
[8, 14, 9]
[12, 1, 8]
[14, 10, 9]
[3, 7, 14]
[2, 4, 13]
[12, 8, 13]
[12, 1, 7]
[10, 8, 13]
[4, 5, 9]
[8, 10, 1]
[9, 0, 10]
[10, 9, 11]
[8, 10, 2]
[1, 8, 14]
