P1,P2,...,Pn
[8, 7, 11]
[3, 1, 9]
[14, 1, 0]
[10, 1, 11]
[3, 1, 0]
[0, 1, 3]
[10, 9, 4]
[11, 0, 3]
[4, 9, 13]
[1, 3, 0]
[3, 6, 10]
[6, 3, 4]
[9, 11, 3]
[4, 2, 7]
[0, 5, 13]
[4, 14, 11]
[2, 4, 1]
[8, 3, 1]
[14, 3, 10]
[9, 0, 7]
[9, 3, 0]
[4, 0, 7]
[14, 9, 8]
[13, 11, 14]
[10, 6, 11]
[5, 6, 2]
[7, 8, 11]
[5, 1, 7]
[0, 13, 7]
[2, 6, 4]
[1, 11, 8]
[0, 3, 10]
[4, 8, 2]
[8, 9, 6]
[9, 13, 14]
[11, 14, 0]
[7, 10, 1]
[8, 10, 5]
[4, 14, 0]
[7, 3, 8]
[5, 10, 2]
[14, 6, 3]
[5, 1, 12]
[3, 12, 8]
[13, 11, 5]
[6, 11, 1]
[2, 6, 14]
[9, 13, 7]
[14, 1, 11]
[0, 14, 13]
[1, 13, 8]
[13, 4, 14]
[5, 4, 3]
[3, 14, 4]
[5, 12, 8]
[10, 4, 2]
[1, 9, 2]
[7, 5, 3]
[4, 1, 8]
[6, 9, 11]
[3, 2, 1]
[14, 6, 8]
[13, 6, 3]
[2, 3, 12]
[0, 4, 13]
[14, 2, 4]
[1, 7, 9]
[9, 6, 14]
[14, 12, 0]
[10, 14, 6]
[5, 9, 10]
[12, 7, 6]
[2, 5, 7]
[8, 10, 1]
[2, 4, 0]
[5, 9, 2]
[3, 5, 8]
[10, 5, 9]
[12, 4, 7]
[2, 7, 4]
[9, 14, 7]
[11, 14, 7]
[5, 4, 12]
[7, 2, 3]
[13, 9, 5]
[6, 12, 3]
[14, 7, 3]
[4, 3, 1]
[10, 2, 8]
[8, 1, 0]
[10, 13, 5]
[11, 9, 4]
[14, 5, 0]
[4, 7, 14]
[13, 5, 3]
[8, 12, 0]
[5, 4, 10]
[7, 10, 11]
[10, 14, 12]
[12, 4, 14]
[1, 11, 7]
[10, 12, 7]
[10, 8, 0]
[1, 2, 11]
[8, 14, 5]
[10, 11, 1]
[12, 13, 10]
[1, 7, 8]
[9, 5, 8]
[6, 11, 1]
[13, 12, 1]
[6, 9, 5]
[3, 10, 7]
[8, 10, 4]
[9, 13, 3]
[10, 3, 4]
[11, 5, 12]
[11, 6, 7]
[13, 3, 4]
[13, 0, 3]
[3, 8, 4]
[6, 8, 3]
[3, 12, 10]
[0, 13, 7]
[1, 7, 6]
[2, 3, 4]
[9, 8, 2]
[12, 14, 0]
[4, 14, 13]
[14, 10, 13]
[9, 1, 11]
[0, 2, 9]
[3, 12, 10]
[8, 3, 4]
[8, 6, 14]
[11, 14, 2]
[14, 5, 6]
[2, 8, 5]
[12, 2, 13]
[10, 5, 13]
[11, 12, 8]
[13, 11, 2]
[8, 6, 14]
[10, 11, 2]
[0, 5, 10]
[2, 0, 7]
[13, 1, 2]
[9, 0, 6]
[10, 13, 11]
[6, 14, 3]
[9, 7, 2]
[10, 7, 5]
[11, 10, 8]
[1, 9, 5]
[8, 10, 0]
[12, 14, 11]
[6, 12, 7]
[5, 2, 10]
[3, 4, 0]
[10, 7, 14]
[14, 8, 5]
[4, 13, 5]
[7, 8, 4]
[9, 2, 5]
[6, 1, 4]
[0, 3, 13]
[9, 8, 12]
[14, 7, 9]
[6, 5, 2]
[10, 1, 7]
[1, 5, 11]
[0, 10, 9]
[12, 7, 2]
[12, 10, 3]
[3, 8, 13]
[8, 4, 10]
[5, 8, 9]
[7, 1, 9]
[8, 9, 13]
[12, 1, 8]
[0, 3, 5]
[3, 4, 0]
[5, 14, 8]
[5, 13, 0]
[3, 14, 13]
[2, 4, 9]
[8, 9, 14]
[8, 10, 0]
[8, 2, 10]
[3, 11, 10]
[6, 3, 10]
[8, 1, 9]
[6, 4, 3]
[11, 14, 3]
[4, 6, 11]
[11, 0, 5]
[3, 6, 0]
[6, 7, 12]
[10, 9, 13]
[3, 14, 12]
[8, 12, 9]
[7, 5, 0]
[7, 6, 14]
[10, 14, 11]
[8, 10, 12]
[14, 2, 4]
[2, 14, 6]
[8, 4, 10]
[11, 2, 7]
[3, 2, 7]
[8, 6, 13]
[2, 5, 1]
[14, 9, 3]
[12, 3, 6]
[6, 11, 2]
[13, 6, 0]
[2, 1, 6]
[1, 14, 11]
[3, 14, 11]
[13, 12, 6]
[9, 1, 10]
[3, 1, 13]
[4, 8, 6]
[12, 5, 14]
[4, 8, 2]
[1, 0, 5]
[0, 7, 11]
[13, 5, 8]
[3, 10, 7]
[3, 9, 1]
[5, 8, 13]
[1, 9, 11]
[4, 11, 10]
[1, 2, 12]
[13, 8, 5]
[4, 1, 0]
[4, 5, 3]
[14, 0, 13]
[4, 13, 8]
[11, 14, 13]
[9, 13, 5]
[1, 12, 3]
[5, 7, 9]
[0, 14, 11]
[4, 11, 14]
[12, 14, 3]
[9, 10, 2]
[1, 10, 2]
[14, 1, 10]
[11, 4, 5]
[7, 6, 2]
[8, 2, 6]
[1, 0, 3]
[11, 4, 3]
[0, 1, 8]
[11, 0, 14]
[7, 1, 3]
[2, 12, 9]
[8, 7, 11]
[14, 13, 11]
[6, 4, 13]
[14, 10, 8]
[3, 9, 6]
[8, 9, 0]
[7, 10, 14]
[3, 4, 5]
[9, 12, 0]
[14, 0, 5]
[6, 5, 12]
[13, 0, 4]
[3, 4, 6]
[11, 2, 14]
[3, 11, 0]
[10, 6, 11]
[1, 13, 10]
[9, 2, 10]
[1, 10, 5]
[8, 0, 6]
[5, 2, 12]
[9, 12, 14]
[13, 10, 11]
[3, 12, 7]
[5, 3, 14]
[13, 14, 11]
[7, 5, 14]
[0, 13, 12]
[2, 7, 8]
[12, 6, 14]
