P1,P2,...,Pn
[4, 6, 1]
[9, 2, 7]
[9, 3, 2]
[0, 13, 7]
[7, 9, 8]
[8, 14, 4]
[2, 6, 14]
[2, 7, 11]
[6, 13, 3]
[5, 7, 3]
[10, 13, 7]
[4, 10, 9]
[6, 8, 12]
[7, 2, 4]
[9, 2, 5]
[8, 7, 9]
[2, 12, 1]
[9, 2, 6]
[7, 3, 8]
[7, 3, 6]
[3, 7, 9]
[4, 8, 0]
[3, 11, 5]
[9, 12, 7]
[1, 2, 12]
[6, 11, 3]
[9, 7, 1]
[14, 11, 8]
[12, 4, 0]
[14, 13, 11]
[0, 11, 2]
[13, 4, 1]
[4, 3, 1]
[11, 3, 2]
[8, 6, 5]
[8, 4, 3]
[4, 5, 7]
[6, 0, 4]
[13, 10, 0]
[13, 11, 4]
[8, 2, 11]
[0, 2, 4]
[12, 0, 9]
[1, 5, 6]
[7, 4, 12]
[5, 14, 3]
[9, 14, 10]
[0, 2, 7]
[12, 14, 9]
[12, 6, 9]
[3, 5, 6]
[14, 8, 0]
[8, 10, 0]
[8, 14, 7]
[13, 14, 1]
[0, 10, 1]
[3, 9, 10]
[14, 11, 5]
[8, 9, 14]
[8, 1, 11]
[7, 10, 12]
[8, 7, 6]
[8, 6, 9]
[8, 10, 9]
[12, 2, 4]
[4, 0, 6]
[3, 8, 6]
[14, 12, 13]
[6, 3, 9]
[0, 7, 9]
[13, 3, 8]
[5, 8, 10]
[7, 12, 9]
[14, 10, 4]
[14, 2, 1]
[6, 2, 8]
[11, 2, 7]
[7, 10, 2]
[7, 14, 4]
[2, 6, 13]
[2, 0, 6]
[7, 6, 13]
[1, 3, 12]
[0, 13, 9]
[10, 7, 11]
[2, 6, 4]
[10, 13, 3]
[5, 13, 6]
[13, 4, 12]
[4, 7, 1]
[5, 11, 0]
[0, 14, 5]
[13, 12, 3]
[6, 13, 14]
[0, 13, 14]
[13, 7, 14]
[4, 12, 3]
[7, 3, 13]
[12, 5, 10]
[8, 11, 2]
[3, 6, 2]
[1, 5, 14]
[1, 8, 7]
[2, 0, 10]
[4, 14, 10]
[0, 14, 5]
[12, 11, 6]
[6, 2, 13]
[14, 6, 10]
[10, 5, 0]
[9, 12, 14]
[4, 2, 3]
[14, 13, 3]
[5, 7, 9]
[8, 6, 7]
[6, 7, 12]
[8, 2, 13]
[14, 0, 9]
[3, 5, 13]
[10, 13, 9]
[2, 10, 12]
[6, 5, 8]
[1, 13, 8]
[1, 14, 0]
[2, 12, 8]
[7, 9, 5]
[1, 8, 4]
[14, 12, 1]
[1, 9, 6]
[6, 0, 7]
[10, 9, 8]
[11, 2, 8]
[1, 10, 6]
[13, 9, 14]
[14, 12, 0]
[3, 8, 5]
[11, 5, 14]
[4, 6, 10]
[6, 2, 11]
[11, 4, 1]
[0, 14, 6]
[5, 13, 3]
[8, 0, 14]
[5, 12, 7]
[2, 4, 12]
[6, 10, 14]
[6, 1, 8]
[3, 7, 2]
[2, 13, 14]
[7, 6, 12]
[14, 11, 2]
[10, 7, 8]
[13, 10, 3]
[0, 13, 7]
[14, 0, 11]
[11, 10, 7]
[14, 10, 1]
[12, 3, 7]
[12, 7, 6]
[5, 7, 12]
[12, 0, 3]
[11, 5, 1]
[7, 11, 5]
[8, 7, 5]
[0, 14, 2]
[10, 11, 5]
[0, 2, 3]
[2, 5, 14]
[11, 6, 4]
[6, 12, 3]
