P1,P2,...,Pn
[10, 14, 4]
[8, 0, 13]
[3, 13, 11]
[11, 9, 4]
[11, 2, 13]
[10, 5, 14]
[8, 5, 14]
[2, 8, 13]
[12, 9, 6]
[14, 6, 4]
[0, 9, 4]
[11, 8, 6]
[14, 12, 8]
[11, 1, 6]
[0, 10, 12]
[0, 11, 12]
[11, 3, 5]
[12, 10, 3]
[14, 9, 10]
[10, 3, 4]
[8, 3, 13]
[9, 8, 10]
[6, 13, 8]
[6, 9, 1]
[0, 3, 5]
[7, 3, 10]
[1, 9, 2]
[3, 4, 10]
[5, 9, 14]
[6, 12, 5]
[8, 1, 5]
[6, 10, 8]
[6, 10, 0]
[10, 2, 13]
[13, 7, 11]
[9, 2, 13]
[2, 10, 8]
[10, 0, 4]
[10, 0, 6]
[12, 14, 2]
[10, 9, 4]
[13, 3, 14]
[4, 5, 3]
[10, 5, 0]
[3, 12, 13]
[7, 10, 14]
[0, 6, 5]
[11, 9, 10]
[8, 4, 2]
[9, 4, 6]
[0, 7, 9]
[5, 10, 13]
[10, 6, 11]
[2, 11, 7]
[8, 7, 12]
[12, 10, 1]
[13, 4, 11]
[12, 8, 13]
[12, 13, 9]
[1, 13, 11]
[5, 14, 12]
[1, 11, 3]
[5, 2, 1]
[14, 4, 1]
[7, 14, 1]
[12, 11, 5]
[12, 6, 0]
[2, 14, 9]
[12, 7, 14]
[3, 14, 7]
[11, 2, 8]
[10, 5, 13]
[14, 9, 8]
[14, 3, 10]
[3, 12, 2]
[8, 13, 10]
[6, 12, 7]
[9, 13, 6]
[14, 8, 3]
[11, 5, 13]
[8, 9, 2]
[10, 12, 9]
[11, 14, 7]
[1, 12, 0]
[5, 6, 8]
[7, 5, 13]
[3, 5, 1]
[1, 14, 6]
[4, 8, 6]
[1, 14, 6]
[14, 7, 1]
[5, 1, 13]
[4, 2, 5]
[11, 6, 14]
[6, 7, 14]
[13, 10, 0]
[8, 10, 5]
[13, 0, 14]
[12, 11, 7]
[14, 7, 5]
[10, 4, 13]
[14, 4, 1]
[4, 11, 1]
[12, 10, 8]
[6, 2, 14]
[3, 8, 11]
[10, 3, 8]
[10, 7, 4]
[7, 6, 11]
[4, 9, 11]
[2, 7, 0]
[0, 2, 8]
[3, 10, 1]
[6, 10, 12]
[10, 5, 14]
[7, 12, 4]
[2, 0, 1]
[10, 7, 3]
[11, 9, 4]
[13, 0, 6]
[2, 3, 9]
[9, 4, 0]
[5, 9, 2]
[13, 4, 5]
[10, 7, 4]
[3, 12, 7]
[10, 6, 8]
[8, 9, 14]
[2, 3, 5]
[9, 11, 4]
[12, 7, 1]
[0, 2, 11]
[14, 6, 7]
[0, 2, 12]
[14, 1, 10]
[11, 13, 8]
[2, 3, 0]
[0, 12, 3]
[2, 5, 10]
[4, 14, 1]
[5, 11, 12]
[8, 2, 5]
[0, 14, 13]
[0, 2, 1]
[8, 4, 9]
[5, 1, 3]
[0, 12, 14]
[2, 10, 13]
[11, 2, 13]
[0, 11, 8]
[1, 2, 0]
[4, 2, 14]
[3, 11, 1]
[7, 13, 11]
[9, 2, 5]
[2, 14, 11]
[12, 9, 3]
[11, 7, 14]
[12, 9, 1]
[4, 2, 3]
[3, 10, 12]
[10, 11, 5]
[13, 1, 4]
[3, 13, 14]
[6, 2, 4]
[4, 2, 14]
[0, 5, 4]
[6, 0, 9]
[2, 5, 9]
[2, 12, 10]
[13, 4, 2]
[6, 4, 8]
[6, 5, 0]
[2, 13, 4]
[9, 14, 12]
[3, 0, 13]
[13, 8, 6]
[14, 2, 10]
[8, 14, 11]
[3, 0, 12]
[9, 5, 12]
[10, 8, 13]
[4, 12, 2]
[2, 12, 5]
[9, 7, 13]
[3, 8, 12]
[11, 1, 0]
[3, 9, 4]
[13, 11, 12]
[12, 6, 8]
[11, 12, 14]
[14, 0, 9]
[7, 1, 10]
[10, 3, 2]
[3, 9, 11]
[8, 7, 4]
[10, 4, 3]
[0, 2, 7]
[3, 2, 11]
[10, 6, 0]
[4, 5, 2]
[4, 6, 12]
[9, 6, 0]
[0, 14, 7]
[7, 13, 2]
[0, 3, 7]
[7, 5, 12]
[0, 2, 7]
[11, 9, 1]
[12, 10, 11]
[6, 7, 10]
[11, 8, 9]
[4, 13, 0]
[4, 7, 0]
[7, 0, 5]
[12, 13, 11]
[8, 4, 2]
[2, 12, 13]
[12, 6, 3]
[0, 1, 3]
[5, 2, 12]
[9, 5, 2]
[6, 11, 12]
[9, 4, 11]
[0, 12, 13]
[1, 3, 8]
[6, 1, 4]
[4, 7, 1]
[6, 7, 8]
[12, 9, 7]
[11, 1, 4]
[2, 6, 4]
[2, 5, 1]
[6, 14, 3]
[9, 12, 1]
[10, 5, 13]
[6, 9, 2]
[9, 12, 2]
[8, 2, 10]
[10, 11, 3]
[1, 2, 7]
[12, 2, 10]
[0, 2, 12]
[5, 12, 10]
[13, 10, 6]
[4, 0, 14]
[2, 5, 12]
[5, 12, 0]
[2, 3, 4]
[7, 12, 14]
[5, 3, 0]
[2, 10, 3]
[1, 9, 14]
[4, 12, 14]
[9, 8, 0]
[5, 14, 10]
[8, 2, 7]
[0, 10, 2]
[4, 12, 3]
[4, 6, 7]
[1, 7, 8]
[11, 0, 3]
[9, 3, 0]
[11, 4, 9]
[10, 8, 9]
[9, 11, 7]
[11, 1, 10]
[2, 12, 14]
[7, 9, 1]
[10, 4, 7]
[7, 11, 9]
[7, 12, 4]
[7, 1, 13]
[8, 2, 0]
