P1,P2,...,Pn
[10, 12]
[0, 7]
[0, 5]
[8, 13]
[3, 6]
[11, 9]
[11, 6]
[11, 5]
[0, 14]
[2, 13]
[8, 10]
[2, 14]
[5, 11]
[7, 12]
[7, 4]
[2, 14]
[5, 1]
[2, 13]
[10, 4]
[0, 3]
[11, 5]
[8, 12]
[1, 11]
[14, 2]
[1, 10]
[8, 4]
[8, 7]
[4, 14]
[6, 7]
[7, 10]
[9, 12]
[12, 2]
[13, 4]
[7, 6]
[10, 7]
[7, 11]
[1, 7]
[5, 11]
[1, 10]
[0, 5]
[6, 11]
[11, 0]
[9, 14]
[12, 9]
[11, 5]
[13, 4]
[11, 3]
[10, 0]
[8, 11]
[4, 12]
[5, 2]
[5, 0]
[1, 7]
[0, 14]
[0, 10]
[12, 6]
[4, 1]
[6, 9]
[13, 11]
[12, 13]
[2, 3]
[10, 8]
[9, 5]
[14, 11]
[12, 13]
[13, 8]
[1, 3]
[13, 0]
[14, 8]
[0, 12]
[6, 9]
[10, 11]
[14, 4]
[14, 1]
[14, 11]
[10, 5]
[0, 14]
[8, 3]
[7, 11]
[7, 6]
[6, 13]
[0, 13]
[9, 5]
[14, 13]
[1, 14]
[12, 3]
[6, 9]
[14, 1]
[4, 5]
[13, 7]
[1, 14]
[7, 0]
[10, 8]
[14, 6]
[3, 5]
[0, 13]
[12, 3]
[11, 2]
[5, 10]
[10, 6]
[1, 13]
[14, 1]
[9, 4]
[11, 3]
[11, 1]
[7, 0]
[8, 6]
[1, 11]
[5, 9]
[5, 14]
[9, 12]
[11, 13]
[7, 4]
[10, 1]
[4, 3]
[6, 11]
[13, 10]
[0, 1]
[13, 0]
[1, 4]
[1, 10]
[5, 12]
[4, 9]
[1, 7]
[12, 9]
[6, 12]
[4, 10]
[9, 5]
[10, 12]
[0, 3]
[8, 5]
[13, 14]
[10, 3]
[8, 14]
[0, 5]
[7, 5]
[4, 7]
[5, 2]
[1, 0]
[1, 9]
[2, 11]
[5, 1]
[0, 6]
[14, 0]
[4, 14]
[11, 5]
[3, 14]
[5, 11]
[3, 14]
[10, 5]
[2, 9]
[12, 6]
[0, 10]
[10, 5]
[11, 10]
[13, 3]
[11, 6]
[3, 10]
[9, 7]
[13, 6]
[3, 10]
[6, 13]
[3, 12]
[8, 13]
[4, 12]
[2, 14]
[3, 6]
[7, 12]
[9, 4]
[4, 0]
[1, 12]
[2, 11]
[2, 6]
[6, 4]
[5, 7]
[0, 8]
[8, 7]
[0, 11]
[13, 4]
[4, 2]
[7, 8]
[2, 10]
[10, 4]
[1, 7]
[12, 0]
[11, 5]
[6, 9]
[2, 10]
[4, 3]
[4, 13]
[10, 3]
[9, 8]
[12, 0]
[6, 5]
[2, 9]
[12, 5]
[9, 8]
[6, 5]
[10, 0]
[10, 4]
[14, 13]
[10, 0]
[4, 14]
[10, 11]
[14, 13]
[6, 9]
[9, 1]
[5, 13]
[1, 12]
[8, 2]
[7, 1]
[10, 5]
[0, 9]
[10, 12]
[1, 11]
[11, 7]
[12, 8]
[2, 3]
[10, 7]
[11, 13]
[12, 14]
[9, 1]
[5, 6]
[12, 11]
[12, 1]
[4, 1]
[1, 6]
[7, 1]
[13, 2]
[6, 13]
[10, 8]
[1, 10]
[9, 2]
[4, 12]
[4, 14]
[8, 3]
[5, 1]
[13, 4]
[3, 1]
[3, 7]
[12, 7]
[13, 1]
[13, 10]
[14, 8]
[0, 1]
[6, 11]
[5, 0]
[7, 10]
[13, 6]
[2, 5]
[8, 1]
[5, 0]
[2, 3]
[7, 11]
[2, 11]
[11, 2]
[2, 5]
[10, 2]
[9, 11]
[4, 2]
[0, 9]
[1, 12]
[6, 4]
[2, 9]
[8, 13]
[0, 10]
[6, 8]
[1, 10]
[12, 5]
[12, 14]
[14, 10]
[12, 8]
[14, 3]
[8, 12]
[10, 12]
[14, 12]
[5, 4]
[13, 12]
[4, 6]
[0, 4]
[6, 4]
[2, 11]
[7, 14]
[3, 9]
[12, 1]
[14, 8]
[13, 2]
[13, 4]
[3, 5]
[2, 4]
[5, 3]
[6, 3]
[5, 0]
[9, 11]
[2, 0]
[2, 11]
[2, 0]
[8, 5]
[6, 10]
[11, 7]
[11, 6]
[13, 14]
[10, 11]
[1, 10]
[7, 5]
[12, 10]
[1, 10]
[10, 7]
[4, 7]
[5, 10]
[12, 5]
[10, 6]
[9, 0]
[3, 8]
[8, 7]
[8, 13]
[6, 3]
[5, 12]
[5, 11]
[9, 6]
[14, 0]
[11, 2]
[7, 4]
[6, 3]
[0, 7]
[7, 0]
[1, 0]
[8, 5]
[8, 13]
[14, 12]
[6, 8]
[7, 6]
[9, 6]
[5, 14]
[8, 4]
[10, 9]
[1, 0]
[14, 10]
[5, 14]
[5, 14]
[0, 1]
[1, 5]
[8, 3]
[11, 1]
[0, 6]
[0, 3]
[13, 2]
[4, 0]
[4, 11]
[9, 3]
[13, 8]
[11, 13]
[0, 11]
[4, 11]
[0, 13]
[11, 7]
[3, 10]
[4, 0]
[1, 7]
[12, 3]
[10, 8]
[11, 1]
[7, 2]
[6, 1]
[6, 10]
[4, 5]
[7, 10]
[5, 8]
[4, 5]
