P1,P2,...,Pn
[13, 4]
[11, 1]
[14, 2]
[10, 1]
[11, 2]
[10, 14]
[6, 13]
[13, 8]
[4, 9]
[4, 10]
[12, 14]
[5, 12]
[7, 5]
[6, 11]
[3, 0]
[13, 14]
[6, 4]
[0, 7]
[5, 2]
[8, 7]
[3, 10]
[13, 5]
[10, 8]
[1, 11]
[13, 7]
[13, 4]
[2, 8]
[10, 9]
[13, 0]
[0, 7]
[4, 12]
[0, 9]
[8, 6]
[12, 4]
[3, 11]
[7, 3]
[8, 7]
[12, 10]
[3, 6]
[3, 9]
[8, 3]
[12, 7]
[8, 4]
[10, 4]
[9, 0]
[11, 14]
[10, 8]
[10, 14]
[14, 0]
[7, 12]
[8, 14]
[1, 13]
[14, 7]
[14, 0]
[1, 3]
[14, 2]
[11, 3]
[5, 9]
[1, 6]
[9, 7]
[12, 13]
[9, 0]
[9, 1]
[7, 1]
[12, 5]
[1, 3]
[1, 3]
[1, 4]
[4, 11]
[11, 1]
[9, 10]
[13, 9]
[0, 10]
[8, 11]
[0, 11]
[11, 4]
[5, 12]
[13, 9]
[4, 1]
[2, 11]
[13, 6]
[12, 3]
[4, 11]
[9, 5]
[1, 0]
[11, 3]
[14, 0]
[14, 5]
[3, 4]
[6, 9]
[4, 7]
[0, 13]
[3, 8]
[5, 1]
[12, 8]
[4, 12]
[7, 10]
[1, 3]
[5, 12]
[5, 11]
[7, 2]
[7, 5]
[13, 3]
[12, 10]
[4, 14]
[12, 7]
[11, 0]
[2, 9]
[0, 11]
[11, 2]
[14, 0]
[0, 9]
[4, 9]
[13, 0]
[8, 1]
[8, 1]
[3, 7]
[13, 3]
[11, 9]
[2, 12]
[0, 11]
[12, 13]
[13, 9]
[1, 4]
[6, 5]
[7, 4]
[1, 9]
[0, 2]
[12, 0]
[13, 14]
[5, 13]
[5, 8]
[8, 14]
[3, 8]
[9, 12]
[11, 2]
[3, 14]
[10, 7]
[13, 1]
[13, 1]
[7, 1]
[7, 13]
[14, 0]
[9, 1]
[12, 9]
