P1,P2,...,Pn
[1, 4, 12]
[1, 4, 6]
[2, 14, 9]
[12, 13, 1]
[2, 9, 5]
[5, 13, 7]
[1, 12, 13]
[12, 9, 0]
[2, 8, 0]
[0, 1, 14]
[6, 8, 14]
[3, 1, 12]
[11, 13, 7]
[2, 13, 9]
[13, 12, 9]
[13, 12, 7]
[0, 5, 3]
[6, 13, 0]
[1, 14, 4]
[9, 1, 11]
[13, 6, 9]
[12, 1, 11]
[2, 10, 13]
[13, 4, 12]
[2, 5, 14]
[12, 7, 1]
[3, 0, 13]
[12, 4, 5]
[14, 13, 7]
[14, 8, 13]
[14, 11, 1]
[11, 5, 7]
[11, 3, 10]
[11, 2, 14]
[12, 3, 11]
[2, 4, 12]
[4, 14, 5]
[1, 2, 12]
[3, 13, 14]
[8, 13, 11]
[2, 13, 12]
[11, 0, 9]
[0, 4, 2]
[10, 2, 6]
[11, 9, 1]
[7, 0, 3]
[0, 12, 10]
[3, 6, 11]
[0, 8, 14]
[6, 10, 12]
[8, 11, 12]
[14, 13, 6]
[11, 9, 2]
[11, 1, 14]
[13, 7, 9]
[5, 14, 4]
[4, 13, 3]
[9, 0, 6]
[14, 9, 10]
[10, 14, 0]
[4, 10, 11]
[13, 4, 11]
[4, 8, 12]
[3, 11, 10]
[14, 9, 6]
[12, 5, 13]
[0, 13, 5]
[8, 10, 12]
[1, 0, 11]
[8, 4, 14]
[5, 8, 10]
[10, 11, 8]
[14, 9, 13]
[0, 12, 2]
[1, 12, 13]
[11, 6, 7]
[2, 0, 3]
[2, 4, 8]
[0, 3, 13]
[11, 0, 14]
[12, 4, 14]
[6, 2, 1]
[11, 3, 7]
[1, 7, 9]
[4, 3, 9]
[6, 7, 11]
[11, 0, 9]
[10, 6, 3]
[3, 11, 8]
[2, 1, 8]
[8, 7, 11]
[2, 13, 0]
[10, 5, 13]
[3, 13, 0]
[1, 0, 13]
[1, 13, 5]
[1, 0, 4]
[7, 13, 1]
[13, 1, 10]
[9, 14, 6]
[3, 8, 12]
[9, 5, 11]
[13, 0, 2]
[11, 3, 2]
[12, 7, 9]
[9, 13, 12]
[14, 0, 12]
[11, 14, 3]
[11, 8, 6]
[12, 0, 2]
[10, 8, 5]
[1, 2, 0]
[9, 6, 5]
[12, 7, 5]
[10, 14, 1]
[14, 1, 7]
[4, 8, 13]
[4, 12, 3]
[12, 1, 5]
[12, 9, 2]
[6, 12, 2]
[0, 4, 1]
[12, 13, 1]
[7, 8, 12]
[13, 2, 9]
[10, 8, 0]
[0, 12, 7]
[6, 10, 13]
[7, 0, 1]
[14, 7, 0]
[2, 3, 4]
[6, 7, 14]
[2, 1, 13]
[0, 10, 3]
[8, 14, 9]
[5, 11, 8]
[10, 11, 0]
[12, 2, 4]
[4, 12, 3]
[5, 9, 1]
[8, 4, 11]
[7, 10, 6]
[11, 5, 10]
[5, 12, 2]
[14, 2, 4]
[7, 4, 0]
[13, 8, 4]
[11, 8, 0]
[10, 5, 1]
[2, 12, 4]
[5, 3, 12]
[1, 0, 14]
[8, 6, 5]
[4, 14, 13]
[6, 12, 14]
[8, 12, 7]
[8, 13, 6]
[7, 12, 0]
[4, 1, 7]
[4, 10, 3]
[8, 10, 4]
[0, 4, 2]
[13, 11, 9]
[1, 2, 13]
[7, 5, 8]
[13, 4, 9]
[1, 13, 9]
[14, 9, 2]
[4, 13, 10]
[4, 14, 9]
[13, 7, 5]
[4, 5, 7]
[10, 5, 13]
[10, 13, 14]
[14, 2, 1]
[4, 9, 14]
[0, 1, 9]
[9, 6, 14]
[9, 1, 4]
[10, 9, 12]
[3, 4, 12]
[9, 4, 14]
[11, 10, 8]
[0, 2, 13]
[3, 13, 11]
[9, 4, 3]
[4, 11, 6]
[6, 3, 12]
[0, 5, 1]
[11, 10, 7]
[14, 9, 12]
[8, 7, 11]
[1, 10, 3]
[5, 9, 13]
[13, 10, 8]
[14, 10, 9]
[2, 5, 4]
[5, 12, 10]
[4, 6, 12]
[0, 9, 3]
[1, 7, 0]
[3, 7, 13]
[0, 13, 3]
[7, 8, 4]
[13, 12, 3]
[9, 13, 2]
[8, 0, 5]
[7, 0, 1]
[10, 6, 4]
[8, 0, 4]
[6, 11, 8]
[4, 12, 9]
[0, 9, 14]
[3, 8, 11]
[5, 14, 12]
[11, 14, 2]
[4, 13, 0]
[12, 7, 11]
[11, 10, 7]
[12, 8, 6]
[0, 4, 6]
[12, 2, 5]
[10, 6, 11]
