P1,P2,...,Pn
[8, 6]
[14, 3]
[6, 2]
[5, 13]
[9, 11]
[3, 4]
[7, 8]
[6, 11]
[11, 14]
[13, 7]
[1, 11]
[0, 5]
[13, 4]
[8, 0]
[10, 5]
[12, 0]
[10, 8]
[6, 11]
[13, 1]
[14, 7]
[7, 1]
[0, 11]
[13, 6]
[3, 10]
[14, 10]
[5, 4]
[0, 9]
[3, 2]
[4, 11]
[12, 1]
[8, 6]
[9, 11]
[0, 10]
[10, 8]
[5, 0]
[5, 2]
[5, 2]
[14, 0]
[4, 11]
[10, 0]
[2, 4]
[6, 2]
[10, 12]
[8, 12]
[10, 8]
[0, 3]
[7, 1]
[13, 12]
[12, 14]
[7, 14]
[14, 10]
[13, 0]
[11, 7]
[2, 7]
[12, 7]
[2, 3]
[5, 4]
[5, 3]
[11, 2]
[5, 13]
[10, 11]
[12, 7]
[12, 9]
[7, 3]
[4, 10]
[6, 0]
[7, 8]
[0, 14]
[13, 6]
[11, 2]
[1, 2]
[0, 7]
[1, 10]
[1, 9]
[0, 4]
[5, 9]
[13, 10]
[4, 8]
[7, 4]
[13, 0]
[11, 1]
[6, 9]
[2, 3]
[11, 7]
[7, 13]
[2, 10]
[7, 14]
[12, 3]
[5, 0]
[7, 3]
[13, 3]
[12, 2]
[12, 6]
[8, 7]
[14, 13]
[10, 6]
[13, 14]
[2, 3]
[5, 3]
[12, 4]
[1, 8]
[7, 10]
[0, 10]
[12, 9]
[5, 6]
[1, 14]
[7, 10]
[9, 2]
[1, 14]
[14, 4]
[3, 2]
[5, 13]
[0, 6]
[11, 2]
[3, 10]
[7, 1]
[12, 7]
[10, 7]
[1, 14]
[3, 1]
[6, 1]
[1, 11]
[9, 8]
[10, 14]
[14, 2]
[8, 3]
[3, 6]
[3, 7]
[5, 6]
[7, 5]
[7, 5]
[1, 14]
[8, 4]
[14, 1]
[1, 7]
[13, 8]
[2, 3]
[5, 8]
[3, 10]
[1, 5]
[4, 0]
[9, 10]
[10, 14]
[7, 3]
[6, 11]
[9, 7]
[1, 3]
[6, 3]
[2, 4]
[6, 3]
[1, 9]
[12, 4]
[5, 10]
[8, 9]
[7, 10]
[0, 12]
[11, 3]
[3, 8]
[0, 3]
[4, 1]
[0, 14]
[14, 6]
[8, 9]
[8, 2]
[10, 7]
[2, 8]
[6, 8]
[9, 2]
[2, 13]
[0, 6]
[5, 7]
[6, 1]
[3, 8]
[8, 10]
[4, 0]
[4, 3]
[7, 8]
[6, 4]
[7, 0]
[6, 7]
[13, 11]
[5, 1]
[3, 13]
[13, 14]
[2, 14]
[1, 2]
[11, 7]
[5, 9]
[3, 6]
[8, 12]
[1, 9]
[14, 5]
[4, 14]
[5, 2]
[8, 2]
[12, 8]
[0, 12]
[10, 9]
[14, 4]
[0, 8]
[0, 12]
[7, 6]
[1, 8]
[5, 0]
[10, 5]
[14, 9]
[9, 12]
[7, 0]
[13, 3]
[0, 9]
[11, 2]
[6, 8]
[2, 3]
[8, 13]
[13, 3]
[10, 5]
[7, 14]
[1, 3]
[1, 13]
[3, 9]
[14, 1]
[4, 2]
[12, 13]
[5, 8]
[6, 7]
[7, 3]
[2, 9]
[7, 1]
[7, 3]
[1, 9]
[1, 2]
[9, 3]
[6, 2]
[14, 10]
[8, 2]
[6, 10]
[13, 10]
[3, 13]
[0, 5]
[6, 8]
[3, 11]
[11, 4]
[0, 14]
[9, 10]
[8, 6]
[9, 5]
[6, 9]
[2, 6]
[14, 11]
[0, 9]
[4, 5]
[2, 13]
[1, 9]
[4, 5]
[5, 11]
[6, 8]
[11, 7]
[7, 13]
[3, 14]
[13, 2]
[10, 7]
[9, 11]
[3, 13]
[8, 6]
[12, 9]
[4, 12]
[8, 0]
[2, 8]
