P1,P2,...,Pn
[6, 2]
[2, 1]
[5, 11]
[8, 5]
[5, 7]
[4, 0]
[3, 5]
[12, 4]
[10, 14]
[2, 10]
[0, 1]
[12, 3]
[9, 5]
[14, 5]
[0, 10]
[0, 2]
[13, 14]
[8, 10]
[14, 9]
[8, 11]
[12, 10]
[10, 3]
[12, 3]
[9, 12]
[3, 1]
[5, 8]
[1, 4]
[12, 13]
[13, 7]
[9, 10]
[8, 4]
[13, 11]
[13, 3]
[9, 5]
[7, 14]
[11, 12]
[14, 1]
[10, 0]
[7, 11]
[2, 11]
[7, 5]
[10, 2]
[10, 6]
[0, 3]
[4, 9]
[2, 3]
[8, 0]
[14, 9]
[1, 6]
[11, 6]
[5, 3]
[1, 10]
[11, 7]
[5, 11]
[4, 3]
[10, 12]
[14, 7]
[11, 1]
[6, 9]
[0, 3]
[10, 5]
[12, 14]
[8, 2]
[13, 1]
[10, 11]
[2, 7]
[6, 1]
[11, 8]
[2, 14]
[4, 2]
[6, 13]
[7, 3]
[2, 3]
[9, 0]
[14, 5]
[10, 14]
[14, 9]
[5, 3]
[12, 9]
[9, 4]
[10, 13]
[6, 10]
[0, 6]
[12, 3]
[11, 4]
[10, 13]
[1, 4]
[14, 7]
[14, 2]
[14, 6]
[2, 8]
[5, 12]
[2, 10]
[6, 10]
[9, 8]
[2, 13]
[4, 1]
[4, 13]
[4, 6]
[8, 10]
[13, 0]
[3, 5]
[7, 6]
[3, 5]
[3, 8]
[13, 4]
[14, 1]
[14, 13]
[8, 7]
[1, 10]
[2, 13]
[9, 3]
[10, 11]
[6, 1]
[9, 8]
[10, 0]
[13, 14]
[9, 7]
[3, 6]
[1, 11]
[4, 0]
[9, 3]
[11, 2]
[4, 7]
[7, 14]
[5, 13]
[13, 8]
[9, 4]
[7, 5]
[12, 6]
[2, 14]
[7, 9]
[10, 12]
[10, 7]
[1, 13]
[12, 6]
[4, 9]
[0, 5]
[1, 6]
[8, 13]
[10, 13]
[11, 2]
[9, 1]
[5, 12]
[2, 5]
[3, 0]
[11, 8]
[12, 9]
[2, 12]
[3, 14]
[12, 11]
[12, 0]
[8, 9]
[9, 2]
[3, 2]
[3, 8]
[10, 13]
[5, 10]
[12, 5]
[10, 1]
[8, 4]
[11, 12]
[2, 5]
[7, 11]
