P1,P2,...,Pn
[8, 4, 13]
[6, 3, 9]
[14, 1, 4]
[1, 6, 5]
[8, 2, 7]
[2, 3, 10]
[11, 13, 0]
[14, 7, 3]
[0, 12, 10]
[8, 11, 13]
[12, 3, 0]
[11, 9, 8]
[14, 9, 7]
[1, 8, 4]
[7, 6, 14]
[1, 0, 5]
[10, 14, 3]
[5, 4, 8]
[10, 8, 6]
[8, 13, 7]
[7, 13, 5]
[5, 6, 10]
[4, 9, 0]
[2, 9, 7]
[5, 14, 11]
[12, 13, 14]
[1, 6, 3]
[10, 7, 9]
[10, 4, 9]
[0, 13, 6]
[6, 11, 4]
[5, 9, 13]
[3, 13, 1]
[6, 12, 9]
[12, 9, 4]
[12, 8, 3]
[8, 1, 9]
[13, 2, 1]
[12, 3, 5]
[7, 8, 11]
[14, 0, 9]
[12, 6, 5]
[9, 6, 13]
[10, 9, 4]
[5, 1, 13]
[7, 0, 4]
[9, 6, 12]
[3, 6, 12]
[4, 7, 1]
[1, 14, 2]
[6, 8, 4]
[10, 5, 1]
[2, 5, 3]
[2, 4, 10]
[5, 10, 2]
[0, 13, 14]
[2, 7, 11]
[8, 13, 6]
[12, 8, 0]
[2, 9, 8]
[6, 1, 7]
[7, 5, 14]
[0, 14, 2]
[9, 12, 2]
[13, 7, 6]
[11, 10, 5]
[0, 3, 9]
[10, 4, 12]
[0, 8, 9]
[10, 13, 8]
[8, 13, 5]
[8, 1, 0]
[8, 11, 2]
[2, 0, 7]
[9, 3, 0]
[6, 5, 14]
[2, 7, 6]
[6, 2, 3]
[4, 2, 5]
[14, 9, 4]
[7, 13, 6]
[9, 7, 0]
[7, 2, 3]
[9, 12, 7]
[9, 2, 3]
[2, 13, 5]
[7, 8, 10]
[8, 2, 7]
[13, 4, 7]
[2, 14, 8]
[14, 2, 7]
[14, 3, 8]
[7, 6, 0]
[10, 4, 3]
[0, 11, 12]
[8, 10, 9]
[12, 10, 1]
[6, 7, 10]
[3, 2, 9]
[7, 4, 3]
[3, 9, 10]
[11, 9, 8]
[12, 8, 7]
[4, 6, 2]
[6, 3, 11]
[13, 3, 0]
[14, 3, 2]
[11, 1, 14]
[11, 1, 12]
[9, 4, 7]
[7, 12, 6]
[12, 2, 4]
[7, 8, 1]
[4, 10, 5]
[14, 7, 13]
