P1,P2,...,Pn
[3, 10, 5]
[2, 9, 11]
[8, 4, 6]
[11, 13, 10]
[5, 8, 12]
[13, 4, 7]
[14, 10, 12]
[4, 2, 14]
[9, 13, 1]
[13, 8, 10]
[12, 9, 14]
[11, 10, 5]
[4, 11, 7]
[8, 11, 9]
[12, 8, 4]
[6, 2, 9]
[12, 10, 3]
[12, 14, 8]
[2, 1, 12]
[10, 5, 4]
[0, 8, 12]
[4, 14, 0]
[4, 7, 0]
[9, 4, 12]
[2, 9, 13]
[8, 9, 13]
[0, 2, 3]
[11, 5, 7]
[9, 7, 8]
[14, 2, 9]
[12, 11, 8]
[0, 4, 13]
[11, 10, 14]
[12, 0, 8]
[6, 4, 12]
[1, 10, 5]
[10, 7, 4]
[2, 12, 1]
[8, 6, 12]
[1, 6, 4]
[3, 6, 13]
[12, 1, 13]
[10, 9, 14]
[13, 6, 9]
[2, 1, 12]
[8, 12, 9]
[7, 14, 12]
[9, 8, 5]
[9, 14, 7]
[14, 2, 11]
[1, 8, 4]
[4, 0, 5]
[8, 0, 7]
[4, 1, 2]
[7, 13, 2]
[11, 6, 10]
[6, 8, 11]
[7, 8, 10]
[6, 8, 0]
[7, 1, 2]
[10, 13, 4]
[3, 4, 5]
[0, 14, 12]
[6, 1, 5]
[11, 3, 4]
[8, 5, 0]
[4, 10, 12]
[2, 6, 13]
[10, 4, 12]
[7, 10, 4]
[13, 9, 14]
[0, 8, 12]
[10, 7, 2]
[10, 13, 3]
[7, 12, 11]
[0, 11, 5]
[4, 12, 2]
[14, 3, 8]
[8, 6, 0]
[7, 1, 4]
[2, 7, 8]
[13, 10, 7]
[7, 3, 2]
[11, 6, 1]
[14, 2, 7]
[11, 2, 12]
[2, 10, 0]
[3, 7, 9]
[5, 4, 3]
[7, 14, 2]
[7, 13, 8]
[7, 2, 5]
[13, 9, 6]
[7, 8, 3]
[14, 13, 6]
[8, 0, 9]
[4, 10, 2]
[0, 11, 8]
[1, 9, 2]
[0, 3, 4]
[3, 10, 12]
[1, 8, 3]
[14, 13, 0]
[2, 6, 11]
[14, 3, 9]
[3, 4, 13]
[1, 9, 3]
[14, 5, 11]
[13, 9, 6]
[13, 8, 0]
[8, 3, 4]
[1, 6, 2]
[5, 9, 4]
[13, 2, 0]
[12, 10, 2]
[14, 12, 10]
[12, 14, 10]
[5, 9, 10]
[11, 12, 14]
[4, 3, 2]
[12, 4, 7]
[12, 1, 2]
[2, 13, 12]
[1, 4, 3]
[4, 6, 9]
[7, 4, 8]
[3, 7, 11]
[6, 14, 12]
[4, 3, 12]
[14, 5, 10]
[2, 4, 6]
[6, 1, 11]
[12, 8, 4]
[3, 1, 2]
[7, 3, 13]
[0, 9, 2]
[4, 12, 11]
[13, 10, 5]
[11, 10, 4]
[5, 3, 6]
[12, 3, 13]
[8, 14, 5]
[4, 7, 2]
[7, 1, 13]
[8, 11, 0]
[11, 2, 3]
[10, 6, 0]
[1, 9, 5]
