P1,P2,...,Pn
[7]
[5]
[13]
[4]
[8]
[9]
[8]
[9]
[7]
[10]
[6]
[8]
[0]
[14]
[5]
[13]
[8]
[9]
[2]
[1]
[7]
[7]
[4]
[9]
[6]
[9]
[9]
[3]
[13]
[1]
[12]
[14]
[2]
[3]
[13]
[14]
[0]
[8]
[4]
[9]
[9]
[7]
[10]
[9]
[4]
[10]
[4]
[11]
[13]
[2]
[13]
[4]
[3]
[3]
[3]
[2]
[12]
[6]
[0]
[1]
[2]
[11]
[1]
[8]
[12]
[9]
[1]
[1]
[7]
[9]
[11]
[7]
[8]
[5]
[0]
[4]
[5]
[2]
[4]
[11]
[10]
[6]
[1]
[11]
[4]
[12]
[11]
[7]
[7]
[7]
[9]
[5]
[2]
[0]
[9]
[2]
[7]
[14]
[14]
[14]
[0]
[14]
[3]
[8]
[5]
[6]
[10]
[14]
[11]
[0]
[12]
[0]
[9]
[11]
[14]
[14]
[5]
[10]
[13]
[3]
[9]
[8]
[13]
[11]
[11]
[10]
[8]
[9]
[6]
[4]
[2]
[7]
[5]
[13]
[0]
[12]
[1]
[11]
