P1,P2,...,Pn
[2]
[0]
[7]
[14]
[4]
[4]
[9]
[2]
[14]
[9]
[6]
[2]
[12]
[0]
[5]
[4]
[3]
[8]
[11]
[8]
[8]
[9]
[11]
[2]
[5]
[1]
[0]
[5]
[6]
[4]
[7]
[9]
[11]
[12]
[0]
[10]
[3]
[12]
[8]
[5]
[11]
[5]
[1]
[4]
[7]
[10]
[1]
[13]
[4]
[10]
[2]
[6]
[13]
[10]
[1]
[0]
[12]
[4]
[1]
[9]
[3]
[6]
[10]
[4]
[4]
[14]
[4]
[8]
[2]
[7]
[6]
[7]
[10]
[8]
[13]
[4]
[7]
[8]
[5]
[10]
[5]
[7]
[5]
[8]
[10]
[9]
[2]
[1]
[12]
[12]
[11]
[13]
[5]
[8]
[10]
[8]
[11]
[0]
[3]
[6]
[4]
[13]
[11]
[6]
[6]
[3]
[14]
[2]
[6]
[11]
[1]
[5]
[14]
[6]
[6]
[0]
[10]
[6]
[10]
[10]
[5]
[11]
[14]
[13]
[5]
[14]
[10]
[0]
[0]
[6]
[5]
[11]
[14]
[10]
[4]
[9]
[12]
[12]
[1]
[2]
[0]
[9]
[11]
