P1,P2,...,Pn
[4, 3, 12]
[4, 14, 11]
[14, 13, 0]
[8, 7, 1]
[0, 9, 13]
[11, 2, 12]
[8, 3, 10]
[4, 9, 5]
[8, 6, 1]
[1, 8, 12]
[10, 11, 3]
[3, 9, 6]
[2, 11, 0]
[6, 5, 14]
[9, 4, 14]
[3, 12, 6]
[13, 6, 7]
[13, 8, 7]
[2, 12, 13]
[12, 14, 7]
[3, 13, 14]
[0, 7, 1]
[5, 11, 0]
[8, 4, 0]
[13, 6, 7]
[12, 10, 1]
[2, 14, 0]
[0, 14, 13]
[2, 9, 7]
[1, 6, 8]
[0, 10, 8]
[6, 8, 4]
[13, 2, 0]
[3, 14, 9]
[3, 8, 5]
[11, 4, 7]
[5, 2, 10]
[5, 13, 0]
[8, 14, 5]
[1, 4, 12]
[10, 11, 12]
[9, 13, 1]
[1, 7, 13]
[8, 2, 12]
[0, 9, 2]
[0, 10, 13]
[3, 14, 8]
[0, 9, 6]
[12, 8, 14]
[12, 2, 9]
[10, 8, 1]
[2, 9, 1]
[1, 14, 9]
[13, 3, 2]
[1, 8, 13]
[10, 4, 1]
[8, 0, 4]
[3, 10, 0]
[4, 0, 2]
[13, 9, 6]
[14, 11, 5]
[13, 5, 10]
[11, 8, 4]
[3, 12, 2]
[9, 8, 12]
[10, 6, 8]
[10, 4, 12]
[6, 10, 8]
[11, 1, 4]
[4, 9, 6]
[11, 7, 0]
[9, 14, 13]
[10, 13, 2]
[5, 4, 14]
[11, 12, 7]
[4, 5, 12]
[14, 5, 8]
[13, 11, 2]
[8, 10, 1]
[3, 11, 7]
[0, 3, 14]
[3, 6, 2]
[11, 3, 5]
[3, 8, 7]
[10, 5, 14]
[5, 9, 14]
[6, 8, 5]
[7, 0, 9]
[6, 11, 13]
[5, 4, 14]
[11, 2, 6]
[6, 9, 12]
[3, 8, 12]
[10, 14, 7]
[5, 7, 13]
[11, 10, 1]
[2, 11, 1]
[5, 6, 2]
[4, 2, 13]
[9, 7, 6]
[14, 9, 7]
[14, 12, 10]
[3, 13, 6]
[7, 3, 4]
[0, 14, 7]
[10, 3, 0]
[0, 8, 13]
[11, 5, 2]
[2, 0, 5]
[5, 0, 2]
[5, 9, 10]
[14, 0, 5]
[1, 12, 4]
[13, 5, 11]
[4, 14, 2]
[14, 2, 12]
[6, 0, 9]
[0, 9, 6]
[2, 7, 14]
[11, 14, 8]
[4, 3, 14]
[4, 11, 9]
[14, 12, 7]
[12, 0, 8]
[12, 11, 5]
[0, 4, 7]
[9, 1, 14]
[14, 0, 11]
[7, 13, 14]
[14, 11, 0]
[4, 1, 9]
[13, 2, 11]
[8, 0, 11]
[8, 7, 1]
[2, 1, 7]
[13, 0, 3]
[7, 6, 8]
[3, 11, 9]
[6, 9, 7]
[9, 13, 7]
[1, 4, 12]
[8, 13, 0]
[3, 6, 0]
[1, 14, 3]
[7, 4, 9]
[1, 7, 13]
[9, 7, 8]
[14, 8, 11]
[0, 13, 1]
[0, 13, 5]
[4, 7, 6]
[1, 0, 9]
[3, 13, 5]
[6, 12, 10]
[1, 14, 13]
[14, 9, 6]
[11, 2, 4]
[13, 10, 5]
[4, 8, 2]
[14, 1, 12]
[0, 14, 5]
[11, 6, 7]
[12, 6, 2]
[12, 10, 8]
[6, 13, 5]
[11, 1, 12]
[7, 10, 0]
[13, 8, 6]
[14, 7, 0]
[1, 7, 10]
[14, 1, 13]
[0, 12, 3]
[11, 6, 7]
[7, 14, 9]
[8, 14, 4]
[10, 4, 13]
[9, 6, 14]
[7, 5, 8]
[9, 11, 3]
[12, 9, 11]
[8, 3, 4]
[7, 1, 10]
[3, 10, 1]
[10, 5, 7]
[3, 5, 4]
[4, 7, 9]
[5, 12, 4]
[6, 8, 4]
[14, 9, 8]
[3, 13, 6]
[12, 7, 8]
[4, 2, 14]
[9, 3, 6]
[10, 11, 7]
[5, 10, 13]
[7, 11, 1]
[10, 11, 7]
[3, 6, 13]
[7, 10, 11]
[4, 14, 9]
[7, 3, 2]
[7, 8, 11]
[9, 13, 1]
[6, 8, 0]
[0, 14, 12]
