P1,P2,...,Pn
[14]
[5]
[4]
[7]
[5]
[3]
[12]
[8]
[9]
[7]
[3]
[8]
[2]
[7]
[0]
[9]
[3]
[8]
[3]
[6]
[6]
[8]
[10]
[0]
[13]
[6]
[4]
[8]
[3]
[13]
[5]
[1]
[13]
[10]
[5]
[12]
[7]
[2]
[6]
[14]
[7]
[13]
[5]
[12]
[14]
[5]
[14]
[7]
[14]
[8]
[14]
[1]
[2]
[3]
[14]
[0]
[4]
[0]
[2]
[13]
[10]
[10]
[2]
[3]
[5]
[2]
[13]
[5]
[6]
[14]
[14]
[9]
[0]
[2]
[2]
[1]
[1]
[1]
[14]
[10]
[1]
[14]
[12]
[14]
[1]
[9]
[12]
[0]
[5]
[12]
[5]
[14]
[1]
[5]
[3]
[6]
[10]
[0]
[5]
[9]
[10]
[5]
[0]
[4]
[13]
[4]
[8]
[4]
[13]
[13]
[12]
[8]
[8]
[6]
[5]
[3]
[8]
[10]
[4]
[3]
[3]
[7]
[8]
[11]
[12]
[5]
[12]
[9]
[2]
[0]
[3]
[2]
[0]
[1]
[3]
[6]
[1]
[0]
[6]
[0]
[9]
[1]
[8]
[13]
[5]
[10]
[2]
[0]
[11]
[0]
[14]
[1]
[8]
[1]
[12]
[2]
[6]
[9]
[6]
[8]
[6]
[1]
[9]
[13]
[13]
[7]
[6]
[7]
[6]
[10]
[13]
[7]
[12]
[10]
[1]
[7]
[7]
[5]
[6]
[8]
[5]
[6]
[13]
[11]
[2]
[7]
[6]
[4]
[10]
[1]
