P1,P2,...,Pn
[5]
[3]
[12]
[13]
[7]
[14]
[10]
[10]
[9]
[13]
[1]
[5]
[2]
[0]
[7]
[1]
[8]
[3]
[7]
[13]
[12]
[8]
[4]
[7]
[6]
[6]
[2]
[4]
[9]
[11]
[6]
[2]
[12]
[10]
[13]
[5]
[7]
[4]
[9]
[12]
[11]
[7]
[7]
[5]
[5]
[14]
[0]
[14]
[8]
[1]
[6]
[4]
[8]
[9]
[5]
[1]
[8]
[5]
[6]
[3]
[8]
[4]
[4]
[7]
[4]
[0]
[9]
[13]
[14]
[10]
[7]
[9]
[5]
[12]
[0]
[0]
[5]
[3]
[8]
[14]
[5]
[10]
[6]
[3]
[4]
[8]
[7]
[11]
[11]
[9]
[4]
[7]
[1]
[4]
[10]
[4]
[13]
[7]
[9]
[11]
[11]
[4]
[2]
[11]
[0]
[10]
[0]
[2]
[4]
[2]
[8]
[12]
[1]
[10]
[1]
[10]
[0]
[0]
[9]
[8]
[8]
[0]
[6]
[8]
[8]
[1]
[5]
[7]
[6]
[1]
