P1,P2,...,Pn
[2, 8, 3]
[13, 11, 2]
[7, 13, 10]
[9, 6, 5]
[13, 10, 8]
[8, 13, 0]
[6, 13, 0]
[6, 14, 3]
[9, 13, 12]
[6, 5, 4]
[4, 9, 5]
[9, 5, 10]
[3, 1, 0]
[9, 13, 10]
[10, 12, 7]
[7, 3, 13]
[11, 12, 9]
[12, 5, 3]
[12, 11, 9]
[14, 0, 3]
[7, 11, 13]
[3, 6, 8]
[9, 12, 8]
[11, 0, 3]
[11, 12, 3]
[7, 12, 5]
[5, 0, 6]
[12, 8, 5]
[8, 6, 11]
[9, 1, 4]
[0, 9, 4]
[2, 8, 3]
[8, 2, 7]
[9, 10, 1]
[6, 4, 14]
[7, 9, 6]
[13, 11, 7]
[11, 1, 8]
[13, 0, 1]
[13, 6, 7]
[6, 8, 4]
[2, 5, 12]
[4, 1, 9]
[3, 5, 4]
[6, 4, 8]
[14, 0, 12]
[2, 7, 3]
[3, 7, 11]
[14, 0, 1]
[9, 7, 2]
[4, 3, 6]
[14, 0, 11]
[13, 0, 9]
[1, 2, 5]
[2, 9, 13]
[1, 14, 2]
[14, 13, 3]
[2, 0, 4]
[6, 8, 11]
[3, 13, 7]
[9, 11, 13]
[11, 14, 5]
[6, 8, 11]
[12, 1, 9]
[10, 11, 1]
[14, 7, 10]
[7, 10, 9]
[13, 6, 8]
[1, 11, 6]
[3, 5, 7]
[14, 0, 7]
[2, 13, 3]
[0, 6, 12]
[1, 2, 4]
[0, 9, 5]
[4, 14, 13]
[2, 14, 0]
[12, 13, 4]
[14, 2, 7]
[5, 13, 7]
[2, 3, 6]
[11, 0, 13]
[11, 6, 12]
[0, 1, 9]
[10, 2, 1]
[1, 0, 8]
[12, 11, 13]
[7, 13, 14]
[12, 6, 1]
[5, 12, 2]
[10, 13, 6]
[11, 12, 14]
[14, 10, 1]
[6, 2, 9]
[7, 5, 0]
[6, 13, 9]
[2, 9, 10]
[14, 11, 3]
[12, 7, 0]
[10, 8, 12]
[1, 11, 10]
[11, 10, 2]
[4, 8, 7]
[10, 9, 8]
[14, 6, 4]
[11, 7, 3]
[10, 12, 14]
[8, 5, 2]
[11, 6, 14]
[11, 10, 12]
[5, 7, 0]
[7, 3, 4]
[14, 13, 12]
[11, 12, 6]
[13, 0, 2]
[7, 8, 10]
[13, 12, 1]
[2, 13, 11]
[5, 6, 10]
[5, 9, 13]
[12, 6, 3]
[6, 2, 13]
[11, 6, 9]
[0, 7, 10]
[0, 11, 3]
[6, 11, 3]
[7, 9, 13]
[11, 6, 2]
[12, 5, 14]
[3, 13, 2]
[14, 1, 4]
[11, 1, 12]
[8, 5, 6]
[6, 13, 3]
[13, 0, 8]
[1, 0, 3]
[6, 11, 9]
[12, 4, 7]
[3, 5, 10]
[9, 7, 14]
[5, 14, 6]
[1, 6, 9]
[10, 8, 5]
[8, 11, 10]
[11, 3, 6]
[10, 4, 8]
[2, 10, 11]
[6, 12, 13]
[4, 6, 3]
[6, 5, 7]
[10, 11, 14]
[10, 4, 2]
[14, 3, 1]
[11, 12, 4]
[6, 14, 13]
[2, 11, 9]
[9, 0, 13]
[0, 14, 4]
[11, 8, 1]
[10, 11, 8]
[2, 5, 8]
[11, 3, 14]
[7, 13, 9]
[14, 9, 6]
[6, 1, 5]
[4, 3, 12]
[10, 6, 1]
[10, 13, 8]
[0, 13, 9]
[4, 13, 6]
[13, 0, 3]
[10, 12, 14]
[14, 10, 9]
[14, 0, 2]
[0, 7, 6]
[12, 7, 13]
[4, 0, 13]
[14, 10, 0]
[4, 14, 7]
[0, 5, 8]
[1, 9, 8]
[13, 10, 5]
[13, 6, 9]
[8, 4, 3]
[4, 2, 11]
[6, 2, 12]
[4, 9, 14]
[3, 4, 14]
[5, 12, 9]
[14, 9, 1]
[7, 12, 9]
[0, 4, 13]
[7, 0, 10]
[0, 5, 2]
[11, 2, 9]
[10, 9, 4]
[7, 14, 5]
