P1,P2,...,Pn
[3, 13, 2]
[5, 11, 0]
[4, 2, 7]
[1, 13, 9]
[7, 5, 12]
[5, 1, 7]
[14, 6, 7]
[1, 11, 12]
[3, 10, 14]
[14, 7, 10]
[8, 13, 4]
[6, 0, 10]
[10, 12, 14]
[9, 8, 14]
[8, 9, 13]
[12, 10, 7]
[2, 0, 14]
[11, 13, 2]
[4, 1, 5]
[12, 2, 9]
[3, 2, 6]
[4, 11, 13]
[0, 7, 9]
[1, 7, 5]
[6, 11, 14]
[13, 6, 11]
[13, 12, 2]
[9, 12, 5]
[5, 11, 13]
[5, 7, 8]
[2, 6, 5]
[6, 4, 12]
[1, 13, 11]
[14, 6, 11]
[9, 6, 1]
[9, 0, 5]
[0, 3, 6]
[2, 11, 12]
[0, 8, 4]
[8, 1, 11]
[3, 12, 4]
[3, 9, 5]
[1, 2, 13]
[11, 13, 14]
[0, 7, 10]
[4, 1, 11]
[8, 13, 10]
[12, 7, 13]
[10, 12, 8]
[7, 5, 2]
[11, 13, 8]
[0, 7, 5]
[2, 14, 8]
[6, 10, 4]
[9, 2, 0]
[8, 9, 10]
[13, 14, 5]
[0, 9, 4]
[4, 2, 1]
[11, 13, 0]
[10, 11, 8]
[5, 11, 8]
[4, 9, 10]
[2, 13, 11]
[5, 4, 1]
[8, 1, 3]
[5, 11, 9]
[8, 10, 3]
[2, 11, 4]
[1, 10, 2]
[5, 2, 1]
[2, 0, 10]
[5, 7, 10]
[14, 13, 8]
[4, 9, 14]
[13, 14, 1]
[1, 6, 9]
[9, 8, 2]
[4, 7, 6]
[4, 7, 0]
[1, 9, 6]
[4, 11, 8]
[5, 8, 7]
[11, 4, 3]
[9, 7, 5]
[3, 13, 1]
[2, 12, 0]
[13, 2, 9]
[0, 4, 9]
[2, 1, 10]
[1, 8, 9]
[3, 0, 1]
[3, 0, 5]
[6, 12, 0]
[10, 6, 1]
[1, 14, 8]
[11, 3, 12]
[5, 9, 11]
[12, 3, 13]
[14, 9, 13]
[10, 0, 11]
[6, 13, 3]
[5, 3, 12]
[13, 0, 8]
[11, 13, 3]
[13, 8, 5]
[0, 4, 11]
[3, 5, 2]
[12, 10, 1]
[5, 7, 8]
[13, 2, 6]
[6, 4, 7]
[14, 9, 1]
[3, 0, 9]
[14, 10, 6]
[0, 11, 9]
[13, 12, 7]
[1, 2, 12]
[0, 5, 11]
[5, 11, 0]
[9, 4, 11]
[7, 8, 4]
[8, 4, 0]
[12, 14, 5]
[12, 6, 7]
[3, 4, 1]
[5, 10, 1]
[9, 8, 1]
[1, 12, 0]
[14, 2, 12]
[8, 1, 0]
[13, 2, 4]
[9, 3, 11]
[14, 10, 0]
[13, 12, 7]
[11, 10, 2]
[13, 7, 10]
[5, 11, 10]
[5, 6, 1]
[4, 5, 14]
[6, 8, 4]
[1, 13, 8]
[2, 5, 0]
[11, 3, 0]
[4, 3, 8]
[1, 14, 0]
[11, 10, 0]
[10, 4, 6]
[9, 8, 1]
[14, 8, 9]
[6, 7, 10]
[2, 8, 9]
[0, 2, 9]
[11, 8, 0]
[0, 10, 7]
[8, 13, 3]
[3, 11, 5]
[1, 13, 6]
[10, 11, 7]
[5, 13, 1]
[5, 7, 11]
[14, 9, 0]
[11, 4, 8]
[12, 0, 13]
[9, 2, 14]
[8, 2, 4]
[4, 8, 1]
[0, 13, 9]
[9, 5, 13]
[11, 3, 12]
[11, 0, 10]
[11, 0, 12]
[4, 2, 12]
[5, 8, 9]
[14, 12, 1]
[11, 5, 13]
[11, 1, 7]
[5, 9, 11]
[1, 12, 3]
[6, 7, 11]
[12, 6, 11]
[13, 3, 11]
[2, 10, 5]
[9, 13, 11]
[5, 0, 7]
[2, 12, 8]
[3, 14, 11]
[8, 10, 9]
[12, 0, 11]
[11, 3, 6]
[13, 1, 5]
[10, 14, 4]
[1, 2, 14]
[4, 6, 2]
[4, 3, 8]
[4, 14, 0]
[4, 5, 1]
[0, 7, 5]
[1, 7, 12]
[5, 4, 7]
[1, 2, 11]
[12, 4, 8]
[14, 10, 9]
[6, 11, 4]
[4, 2, 5]
[3, 9, 5]
[0, 11, 10]
[14, 6, 5]
[10, 6, 8]
[3, 8, 13]
[9, 12, 14]
[8, 4, 7]
[7, 0, 12]
[14, 10, 13]
