P1,P2,...,Pn
[0, 2]
[14, 11]
[14, 9]
[0, 10]
[11, 7]
[0, 2]
[8, 10]
[4, 1]
[6, 4]
[2, 6]
[5, 8]
[3, 6]
[1, 2]
[11, 4]
[3, 10]
[11, 6]
[13, 1]
[14, 9]
[5, 14]
[3, 5]
[11, 6]
[2, 3]
[12, 9]
[14, 3]
[4, 14]
[5, 1]
[13, 10]
[9, 6]
[1, 7]
[1, 13]
[2, 4]
[8, 0]
[9, 5]
[10, 4]
[10, 5]
[0, 12]
[1, 2]
[3, 6]
[14, 13]
[2, 4]
[3, 1]
[2, 3]
[6, 14]
[7, 12]
[12, 4]
[1, 7]
[14, 7]
[4, 8]
[3, 1]
[6, 1]
[10, 0]
[12, 0]
[6, 0]
[0, 4]
[8, 2]
[7, 12]
[2, 10]
[10, 4]
[4, 3]
[0, 4]
[7, 3]
[5, 7]
[3, 4]
[6, 11]
[1, 0]
[13, 5]
[10, 12]
[3, 6]
[9, 11]
[12, 4]
[0, 4]
[1, 10]
[1, 2]
[5, 2]
[3, 5]
[2, 3]
[12, 5]
[5, 6]
[8, 7]
[9, 8]
[7, 10]
[5, 4]
[12, 6]
[4, 10]
[6, 5]
[2, 4]
[4, 7]
[12, 10]
[5, 9]
[6, 13]
[14, 8]
[5, 1]
[1, 14]
[13, 12]
