P1,P2,...,Pn
[11, 10, 3]
[12, 10, 0]
[12, 14, 7]
[3, 11, 7]
[12, 1, 4]
[8, 10, 9]
[2, 5, 12]
[14, 8, 2]
[14, 2, 9]
[4, 13, 3]
[14, 5, 10]
[3, 10, 7]
[2, 13, 3]
[9, 0, 2]
[2, 5, 3]
[7, 4, 10]
[3, 10, 14]
[4, 13, 6]
[2, 11, 13]
[5, 10, 1]
[11, 9, 4]
[10, 12, 13]
[6, 14, 9]
[12, 11, 10]
[4, 14, 7]
[0, 2, 8]
[11, 3, 0]
[2, 9, 1]
[3, 12, 7]
[14, 11, 1]
[2, 12, 6]
[3, 0, 11]
[5, 3, 10]
[12, 9, 0]
[5, 13, 3]
[13, 9, 6]
[7, 1, 13]
[1, 9, 8]
[9, 14, 7]
[0, 1, 11]
[8, 1, 4]
[10, 3, 5]
[11, 3, 5]
[1, 6, 13]
[8, 3, 9]
[0, 3, 9]
[5, 1, 7]
[13, 10, 6]
[0, 5, 3]
[7, 4, 5]
[12, 4, 14]
[9, 6, 0]
[1, 2, 6]
[1, 13, 2]
[6, 13, 5]
[6, 2, 0]
[2, 0, 13]
[3, 5, 9]
[7, 3, 4]
[3, 1, 11]
[3, 7, 10]
[9, 8, 3]
[0, 3, 4]
[3, 5, 6]
