P1,P2,...,Pn
[2, 12, 5]
[11, 1, 10]
[14, 6, 5]
[7, 13, 2]
[7, 9, 10]
[0, 2, 1]
[9, 14, 7]
[12, 10, 2]
[11, 3, 5]
[6, 1, 11]
[3, 10, 13]
[1, 0, 4]
[7, 10, 0]
[3, 1, 11]
[0, 1, 14]
[3, 9, 14]
[8, 5, 14]
[2, 14, 13]
[3, 4, 7]
[11, 7, 5]
[13, 12, 7]
[0, 8, 9]
[12, 7, 3]
[1, 7, 12]
[1, 6, 10]
[4, 6, 7]
[6, 13, 3]
[11, 7, 0]
[7, 5, 11]
[6, 1, 14]
[7, 11, 0]
[6, 0, 1]
[4, 9, 7]
[4, 0, 11]
[2, 9, 0]
[7, 6, 12]
[13, 3, 6]
[6, 10, 4]
[4, 0, 7]
[0, 6, 14]
[6, 4, 2]
[5, 13, 3]
[14, 13, 4]
[5, 12, 2]
[13, 9, 3]
[13, 6, 14]
[5, 4, 3]
[14, 4, 13]
[0, 13, 6]
[11, 10, 2]
[9, 4, 5]
[0, 9, 3]
[1, 13, 7]
[6, 4, 7]
[9, 2, 14]
[3, 7, 6]
[13, 5, 11]
[8, 14, 12]
[5, 4, 10]
[2, 12, 9]
[2, 6, 11]
[5, 6, 2]
[6, 14, 0]
[9, 0, 10]
[13, 10, 14]
[11, 0, 7]
[6, 11, 8]
[12, 6, 11]
[4, 8, 2]
[12, 13, 4]
[7, 3, 10]
[11, 0, 5]
[7, 5, 13]
[12, 7, 5]
[13, 8, 2]
[11, 3, 5]
[8, 1, 7]
[0, 4, 6]
[7, 14, 11]
[11, 3, 12]
[9, 2, 6]
[13, 2, 10]
[0, 7, 5]
[3, 13, 11]
[0, 12, 10]
[3, 2, 13]
[9, 7, 14]
[8, 14, 0]
[0, 7, 8]
[1, 2, 3]
[13, 1, 0]
[3, 9, 5]
[14, 6, 8]
[5, 8, 7]
[11, 6, 8]
[5, 3, 9]
[2, 10, 5]
[8, 3, 11]
[2, 13, 1]
[4, 2, 5]
[5, 8, 10]
[6, 8, 4]
[8, 2, 12]
[13, 2, 12]
[7, 2, 10]
[13, 11, 6]
[11, 10, 9]
[14, 7, 4]
[14, 8, 4]
[4, 9, 1]
[11, 2, 9]
[8, 11, 12]
[3, 11, 13]
[1, 13, 3]
[3, 2, 1]
[8, 2, 0]
[4, 6, 9]
[13, 9, 14]
[9, 14, 10]
[6, 5, 11]
[7, 9, 2]
[0, 3, 6]
[5, 13, 3]
[12, 6, 14]
[3, 0, 14]
[14, 4, 1]
[13, 10, 8]
[9, 14, 0]
[4, 13, 10]
[9, 3, 14]
[13, 8, 3]
[3, 10, 12]
[10, 14, 11]
[2, 9, 7]
[14, 6, 3]
[7, 12, 8]
[6, 1, 9]
[5, 9, 8]
[8, 12, 11]
[11, 6, 13]
[1, 0, 10]
[2, 13, 10]
[14, 10, 0]
[11, 9, 5]
[10, 8, 4]
[3, 10, 8]
[8, 10, 6]
[2, 11, 5]
[1, 9, 8]
[13, 12, 14]
[11, 14, 2]
[1, 2, 3]
[7, 12, 4]
[7, 14, 8]
[5, 13, 2]
[1, 14, 8]
[3, 1, 14]
[2, 13, 6]
[13, 12, 4]
[3, 0, 14]
[1, 11, 13]
[7, 5, 8]
[3, 8, 11]
[14, 7, 8]
[12, 0, 11]
[1, 3, 5]
[10, 5, 0]
[12, 1, 8]
[4, 7, 2]
[10, 4, 13]
[12, 0, 8]
[2, 7, 11]
[12, 7, 8]
[0, 11, 8]
[2, 13, 12]
[1, 8, 7]
[10, 11, 0]
[13, 0, 4]
[0, 10, 3]
[9, 8, 13]
[13, 14, 9]
[10, 8, 3]
[5, 10, 14]
[7, 2, 6]
[2, 9, 4]
[7, 1, 6]
[12, 8, 3]
[8, 4, 0]
[8, 3, 2]
[8, 1, 9]
[0, 3, 7]
[6, 11, 4]
[5, 11, 10]
[6, 13, 5]
[7, 12, 2]
[0, 12, 14]
[14, 1, 11]
[3, 14, 12]
[5, 2, 14]
[0, 11, 5]
[13, 2, 12]
[11, 8, 9]
[9, 0, 13]
[14, 12, 9]
[11, 1, 0]
[4, 13, 5]
[1, 14, 3]
[12, 3, 4]
[1, 3, 5]
[1, 4, 0]
[12, 14, 10]
[1, 2, 6]
[2, 14, 7]
[4, 8, 2]
[13, 14, 10]
[10, 8, 0]
[13, 3, 14]
[5, 4, 1]
[10, 5, 1]
[8, 13, 14]
[7, 0, 1]
[5, 3, 4]
[14, 8, 0]
[4, 9, 11]
[14, 9, 13]
[0, 3, 8]
