P1,P2,...,Pn
[8, 3]
[6, 4]
[5, 6]
[2, 8]
[9, 2]
[0, 11]
[0, 3]
[11, 7]
[14, 2]
[12, 3]
[7, 2]
[6, 11]
[12, 3]
[4, 0]
[5, 1]
[3, 12]
[11, 8]
[7, 0]
[2, 12]
[8, 11]
[10, 0]
[12, 14]
[13, 10]
[4, 5]
[3, 12]
[8, 2]
[4, 0]
[4, 3]
[6, 13]
[5, 3]
[10, 11]
[2, 9]
[12, 4]
[14, 11]
[4, 3]
[13, 1]
[7, 10]
[12, 1]
[14, 5]
[2, 7]
[13, 12]
[14, 0]
[0, 5]
[0, 12]
[5, 4]
[9, 4]
[12, 13]
[4, 2]
[13, 14]
[13, 4]
[0, 11]
[8, 3]
[14, 8]
[13, 0]
[1, 9]
[14, 9]
[7, 10]
[10, 5]
[7, 8]
[1, 6]
[3, 14]
[3, 11]
[0, 7]
[0, 3]
[1, 8]
[11, 3]
[6, 13]
[3, 7]
[4, 6]
[2, 0]
[9, 7]
[14, 4]
[10, 1]
[8, 12]
[10, 5]
[3, 1]
[11, 3]
[11, 7]
[0, 12]
[5, 6]
[3, 1]
[0, 9]
[8, 10]
[8, 1]
[8, 10]
[10, 6]
[0, 14]
[3, 6]
