P1,P2,...,Pn
[7]
[9]
[1]
[13]
[3]
[11]
[1]
[14]
[8]
[3]
[9]
[0]
[14]
[11]
[0]
[11]
[10]
[1]
[8]
[3]
[7]
[11]
[3]
[7]
[10]
[3]
[6]
[11]
[13]
[11]
[5]
[1]
[11]
[5]
[10]
[4]
[9]
[10]
[12]
[6]
[3]
[9]
[3]
[0]
[12]
[11]
[2]
[4]
[3]
[6]
[4]
[8]
[5]
[10]
[13]
[1]
[3]
[4]
[0]
[1]
[1]
[6]
[3]
[3]
[2]
[11]
[3]
[0]
[0]
[10]
[3]
[1]
[7]
[1]
[1]
[11]
[8]
[6]
[0]
[0]
[1]
[8]
[11]
[5]
[0]
[14]
[3]
[11]
[14]
[10]
[6]
[2]
[8]
[8]
[5]
[9]
[6]
[6]
[3]
[11]
[9]
[1]
[1]
[1]
[12]
[1]
[13]
[11]
[4]
[0]
[4]
[4]
[8]
[7]
[4]
[8]
[2]
[5]
[6]
[10]
[11]
[4]
[4]
[3]
[0]
[6]
[14]
[0]
[3]
[13]
[12]
[1]
[12]
[8]
[5]
[13]
[13]
[12]
[14]
[10]
[12]
[4]
[1]
[6]
[0]
[7]
[0]
[14]
[6]
[11]
[10]
[1]
[3]
[9]
[2]
[11]
[13]
[6]
[3]
[6]
[14]
[2]
[10]
[13]
[8]
[10]
[13]
[2]
[10]
[10]
[2]
[3]
[0]
[3]
[13]
[5]
[0]
[4]
[2]
[14]
[9]
[1]
[7]
[14]
[3]
[8]
[12]
[11]
[1]
[14]
[5]
[10]
[13]
[3]
[8]
[14]
[6]
[8]
[0]
[1]
[12]
[11]
[5]
[12]
[14]
[0]
[12]
[13]
[8]
[12]
[13]
[8]
[1]
[9]
[10]
[9]
[13]
[9]
[13]
[6]
[11]
[5]
[7]
[13]
[13]
[12]
[10]
[5]
[2]
[14]
[3]
[8]
[8]
[8]
[7]
[11]
[9]
[9]
[2]
[13]
[4]
[14]
[4]
[0]
[9]
[11]
[2]
[5]
[3]
[2]
[0]
[5]
[7]
[9]
[7]
[1]
[11]
[13]
[10]
[4]
[2]
[9]
[11]
[14]
[7]
[1]
[2]
[4]
[9]
[4]
[1]
[11]
[2]
[8]
[10]
[0]
[13]
[8]
[13]
[9]
[10]
[8]
[1]
[12]
[6]
[0]
[8]
[13]
[9]
[14]
[12]
[10]
[14]
[11]
[8]
[1]
[7]
[8]
[8]
[14]
[6]
[1]
[8]
[3]
[5]
[0]
[2]
[11]
[7]
[8]
[3]
[10]
[1]
[0]
[13]
[7]
[5]
[5]
[4]
[8]
[5]
[9]
[6]
[13]
[13]
[3]
[13]
[4]
[2]
[3]
[0]
[6]
[14]
[2]
[9]
[5]
[9]
[13]
[13]
[14]
[7]
[6]
[7]
[10]
[6]
[11]
[6]
[4]
[12]
[10]
[9]
[0]
[0]
[0]
[13]
[14]
[13]
[12]
[3]
[9]
[8]
[4]
[10]
[2]
[0]
[9]
[6]
[7]
[6]
[0]
[5]
[2]
[14]
[13]
[8]
[1]
[13]
[5]
[2]
[8]
[8]
[5]
[6]
[3]
[5]
[13]
[14]
[2]
[12]
[1]
[6]
[2]
[13]
[0]
[6]
[3]
[14]
[14]
[3]
[9]
[11]
[10]
[13]
[3]
[9]
[8]
[14]
[11]
[13]
[5]
[12]
[13]
[6]
[7]
[13]
[3]
[6]
[10]
[12]
[11]
[13]
[4]
[0]
[11]
[3]
[4]
[9]
[9]
[10]
[0]
[10]
[12]
[3]
[5]
[10]
[4]
[11]
[14]
[13]
[14]
[7]
[2]
[4]
[6]
[2]
[9]
[6]
[11]
[7]
[0]
[1]
[14]
[1]
[14]
[5]
[13]
[8]
[6]
[12]
[7]
[14]
[5]
[14]
[10]
[5]
[7]
[12]
[3]
[8]
[12]
[14]
[4]
[5]
[9]
[3]
[5]
[5]
[3]
[14]
[12]
[2]
[8]
[13]
[3]
[8]
[6]
[5]
[7]
[11]
[0]
[11]
[8]
[4]
[8]
[6]
[3]
[2]
[3]
[2]
[9]
[4]
[5]
[3]
[4]
[14]
[0]
[7]
[0]
[6]
[6]
[4]
[12]
[5]
[9]
[0]
[14]
[14]
[14]
[0]
[14]
[9]
[11]
[12]
[11]
[6]
[12]
[3]
[2]
[4]
[11]
[6]
[0]
[1]
[10]
[10]
[11]
[14]
[6]
[4]
[6]
[5]
[4]
[5]
[3]
[4]
[8]
[0]
[14]
[10]
[0]
[13]
[10]
[10]
[4]
[8]
[12]
[11]
[12]
[13]
[14]
[6]
[1]
[7]
[2]
[2]
[9]
[7]
[13]
[5]
[11]
[2]
[9]
[6]
[7]
[14]
[9]
[2]
[13]
[2]
[14]
[1]
[3]
[13]
[4]
[9]
[2]
[11]
[5]
[7]
[10]
[14]
[13]
[8]
[11]
[9]
[6]
[5]
[6]
[1]
[3]
[8]
[6]
[14]
[8]
[10]
[3]
[2]
[7]
[14]
[0]
[2]
[11]
[3]
[6]
[4]
[13]
[13]
[2]
[12]
[4]
[2]
[13]
[10]
[12]
[5]
[9]
[1]
[2]
[1]
[8]
[0]
[8]
[8]
[5]
[6]
[14]
[14]
[8]
[8]
[13]
[12]
[10]
[13]
[6]
[10]
[1]
[6]
[12]
[1]
[10]
[9]
[12]
[13]
[10]
[7]
[0]
[6]
[2]
[10]
[0]
[7]
[10]
[0]
[13]
[3]
[10]
[6]
[8]
[5]
[9]
[2]
[8]
[11]
[6]
[1]
[9]
[3]
[7]
[5]
[3]
[0]
[9]
[6]
[14]
[6]
[5]
[12]
[7]
[11]
[7]
[3]
[14]
[1]
[2]
[9]
[12]
[3]
[11]
[0]
[8]
[7]
[12]
[9]
[12]
[12]
[13]
[2]
[12]
[13]
[0]
[14]
[9]
[8]
[3]
[14]
[14]
[11]
[8]
[11]
[7]
[13]
[9]
[1]
[0]
[13]
[11]
[5]
[10]
[11]
[10]
[2]
[11]
[6]
[2]
[4]
[7]
[11]
[5]
[9]
[14]
[8]
[5]
[0]
[13]
[13]
[1]
[5]
[8]
[9]
[8]
[4]
[14]
[8]
[13]
[1]
[13]
[9]
[5]
[3]
[1]
[13]
[12]
[5]
[1]
[0]
[3]
[4]
