P1,P2,...,Pn
[3, 5, 9]
[9, 3, 1]
[2, 1, 4]
[10, 13, 14]
[5, 11, 14]
[4, 13, 1]
[4, 1, 14]
[5, 12, 4]
[11, 8, 12]
[9, 5, 10]
[3, 13, 4]
[13, 2, 3]
[10, 2, 9]
[11, 13, 10]
[2, 9, 6]
[2, 8, 9]
[4, 8, 6]
[7, 3, 1]
[2, 5, 7]
[8, 5, 9]
[12, 11, 6]
[5, 8, 14]
[11, 0, 3]
[10, 8, 1]
[14, 6, 0]
[3, 7, 14]
[3, 13, 9]
[1, 0, 12]
[7, 0, 1]
[1, 8, 3]
[11, 3, 8]
[9, 6, 2]
[6, 8, 9]
[10, 0, 7]
[13, 11, 2]
[5, 1, 11]
[8, 1, 13]
[10, 6, 9]
[6, 12, 11]
[13, 12, 6]
[12, 4, 3]
[8, 6, 2]
[11, 9, 14]
[7, 3, 13]
[9, 5, 2]
[1, 5, 7]
