P1,P2,...,Pn
[4]
[1]
[5]
[12]
[8]
[4]
[4]
[6]
[8]
[10]
[8]
[12]
[10]
[2]
[7]
[6]
[4]
[9]
[10]
[12]
[3]
[10]
[12]
[13]
[2]
[10]
[5]
[14]
[5]
[6]
[3]
[3]
[0]
[11]
[8]
[12]
[14]
[3]
[5]
[10]
[3]
[6]
[5]
[6]
[3]
[6]
[3]
[9]
[6]
[5]
[4]
[7]
[7]
[7]
[10]
[1]
[1]
[8]
[9]
[12]
[7]
[5]
[1]
[14]
[3]
[11]
[7]
[9]
[4]
[8]
[1]
[7]
[3]
[11]
[10]
[14]
[14]
[7]
[4]
[10]
[6]
[14]
[8]
[12]
[0]
[5]
[7]
[13]
[8]
[6]
[6]
[7]
[1]
[7]
[12]
[1]
[3]
[5]
[9]
[2]
[7]
[13]
[11]
[10]
[10]
[5]
[9]
[1]
[11]
[0]
[11]
[1]
[10]
[10]
[5]
[1]
[13]
[8]
[6]
[5]
[9]
[2]
[7]
[14]
[12]
[9]
[7]
[9]
[9]
[3]
[4]
[3]
[10]
[7]
[3]
[1]
[12]
[3]
[10]
[6]
[5]
[8]
[8]
[8]
[13]
[1]
[12]
[11]
[12]
[7]
[8]
[13]
[1]
[7]
[9]
[3]
[2]
[1]
[7]
[1]
[13]
[4]
[0]
[3]
[0]
[12]
[6]
[2]
[11]
[7]
[13]
[9]
[7]
[7]
[5]
[6]
[10]
[13]
[0]
[0]
[8]
[0]
[11]
[7]
[0]
[4]
[4]
[10]
[4]
[1]
[6]
[5]
[10]
[1]
[3]
[0]
[7]
[8]
[11]
[5]
