P1,P2,...,Pn
[12]
[0]
[10]
[8]
[10]
[11]
[3]
[14]
[7]
[5]
[14]
[0]
[5]
[4]
[2]
[11]
[10]
[13]
[8]
[1]
[7]
[4]
[2]
[7]
[2]
[11]
[5]
[11]
[8]
[10]
[13]
[12]
[2]
[3]
[8]
[10]
[7]
[5]
[9]
[10]
[10]
[3]
[9]
[12]
[1]
[2]
[2]
[9]
[6]
[7]
[2]
[7]
[13]
[9]
[1]
[8]
[0]
[8]
[4]
[11]
[7]
[3]
[12]
[8]
[11]
[1]
[8]
[7]
[2]
[14]
[5]
[7]
[12]
[13]
[1]
[1]
[9]
[13]
[0]
[1]
[14]
[3]
[9]
[7]
[9]
[0]
[11]
[3]
[4]
[2]
[14]
[2]
[9]
[7]
[0]
[7]
[12]
[4]
[6]
[9]
[6]
[8]
[0]
[14]
[5]
[12]
[7]
[8]
[4]
[4]
[12]
[5]
[5]
[8]
[12]
[5]
[1]
[2]
[3]
[1]
[2]
[4]
[0]
[7]
[14]
[8]
[11]
[6]
[12]
[9]
[3]
[1]
[6]
[9]
[13]
[7]
[2]
[0]
[2]
[5]
[13]
[1]
[2]
[7]
[0]
[4]
[0]
[4]
[0]
[6]
[11]
[8]
[1]
[8]
[10]
[3]
[10]
[8]
[3]
[11]
[12]
[11]
[9]
[2]
[14]
[10]
[2]
[6]
[11]
[1]
[5]
