P1,P2,...,Pn
[12]
[12]
[2]
[10]
[10]
[5]
[9]
[3]
[12]
[13]
[5]
[13]
[12]
[6]
[11]
[7]
[14]
[5]
[5]
[14]
[4]
[6]
[10]
[11]
[1]
[13]
[11]
[11]
[2]
[2]
[3]
[11]
[13]
[9]
[0]
[1]
[7]
[12]
[7]
[3]
[11]
[4]
[11]
[9]
[9]
[1]
[2]
[3]
[12]
[2]
[11]
[10]
[12]
[9]
[9]
[7]
[10]
[0]
[10]
[7]
[5]
[4]
[11]
[1]
[5]
[8]
[8]
[4]
[4]
[9]
[6]
[3]
[6]
[8]
[14]
[12]
[13]
[14]
[9]
[12]
[6]
[12]
[4]
[0]
[8]
[7]
[0]
[1]
[6]
[8]
[3]
[0]
[0]
[13]
[7]
[11]
[0]
[2]
[7]
[8]
[3]
[0]
[5]
[14]
[2]
[2]
[0]
[10]
[12]
[8]
[12]
[3]
[3]
[1]
[8]
[4]
[14]
[4]
[2]
[9]
[13]
[5]
[11]
[0]
[5]
[9]
[10]
[2]
[8]
[0]
[3]
[6]
[9]
[2]
[14]
[9]
[9]
[4]
[6]
[5]
[7]
[12]
[6]
[10]
[14]
[7]
[0]
[1]
[2]
[3]
[1]
[12]
[4]
[14]
[4]
[10]
[7]
[12]
[0]
[5]
[13]
[2]
[10]
[7]
[5]
[10]
[7]
[14]
[11]
[4]
[1]
[12]
[5]
[6]
[13]
[1]
[14]
[14]
[4]
[11]
[5]
[11]
[4]
[9]
[14]
[11]
[8]
[9]
