P1,P2,...,Pn
[11, 0, 9]
[0, 13, 12]
[9, 5, 8]
[9, 1, 8]
[13, 10, 14]
[1, 4, 0]
[2, 8, 7]
[2, 11, 12]
[9, 5, 0]
[13, 10, 0]
[8, 6, 12]
[9, 10, 5]
[4, 0, 6]
[12, 6, 10]
[9, 12, 6]
[9, 12, 2]
[8, 9, 13]
[9, 0, 1]
[5, 9, 8]
[5, 7, 13]
[14, 7, 12]
[14, 6, 9]
[0, 5, 11]
[8, 10, 12]
[4, 14, 11]
[8, 13, 11]
[4, 9, 10]
[7, 0, 5]
[11, 10, 3]
[6, 12, 10]
[11, 8, 1]
[1, 8, 11]
[14, 2, 1]
[8, 9, 14]
[10, 0, 4]
[12, 9, 10]
[5, 7, 1]
[0, 9, 7]
[14, 7, 10]
[1, 9, 6]
[2, 0, 5]
[4, 0, 3]
[4, 1, 11]
[13, 9, 11]
[1, 10, 0]
[8, 2, 14]
[11, 4, 8]
[9, 3, 1]
[13, 9, 3]
[0, 10, 14]
[0, 1, 2]
[10, 6, 4]
[0, 11, 10]
[13, 6, 9]
[7, 6, 4]
[4, 3, 14]
[12, 3, 7]
[5, 9, 14]
[12, 3, 8]
[12, 9, 2]
[8, 7, 9]
[0, 11, 2]
[3, 13, 9]
[2, 7, 6]
[12, 1, 11]
[12, 5, 6]
[14, 6, 1]
[2, 5, 1]
[8, 7, 2]
[9, 1, 11]
[13, 1, 6]
[1, 9, 4]
[14, 2, 6]
[0, 4, 10]
[7, 3, 4]
[5, 4, 13]
[1, 9, 8]
[2, 5, 14]
[5, 11, 4]
[4, 9, 14]
[1, 3, 0]
[1, 14, 7]
[5, 14, 0]
[14, 6, 12]
[14, 11, 6]
[0, 13, 2]
[13, 9, 14]
[0, 8, 3]
[9, 2, 7]
[14, 11, 8]
[4, 13, 11]
[10, 2, 0]
[12, 6, 9]
[12, 4, 9]
[12, 5, 3]
[2, 6, 1]
[2, 5, 9]
[0, 8, 10]
[10, 6, 1]
[2, 8, 9]
[1, 12, 7]
[9, 3, 14]
[14, 1, 0]
[5, 3, 14]
[3, 5, 7]
[5, 0, 6]
[5, 11, 2]
[6, 3, 11]
[6, 12, 13]
[8, 12, 2]
[5, 1, 11]
[1, 9, 5]
[9, 1, 11]
[0, 9, 3]
[13, 10, 9]
[13, 9, 14]
[8, 3, 7]
[11, 10, 8]
[4, 7, 8]
[5, 11, 6]
[14, 3, 13]
[7, 1, 8]
[2, 5, 12]
[12, 2, 6]
[2, 3, 10]
[11, 5, 12]
[12, 5, 10]
[2, 1, 10]
[13, 4, 3]
[0, 14, 7]
[13, 10, 14]
[3, 13, 10]
[3, 4, 13]
[10, 9, 8]
[14, 0, 4]
[14, 12, 6]
[13, 4, 1]
[2, 0, 12]
[1, 14, 3]
[10, 0, 13]
[12, 8, 11]
[0, 14, 3]
[7, 1, 5]
[8, 7, 12]
[2, 6, 7]
[0, 6, 7]
[0, 1, 8]
[10, 2, 3]
[7, 4, 13]
[4, 11, 6]
[0, 11, 12]
[10, 6, 11]
[7, 0, 13]
[14, 11, 1]
[4, 13, 3]
[6, 13, 9]
[6, 8, 0]
[10, 4, 2]
[12, 11, 2]
[11, 14, 1]
[3, 10, 14]
[10, 8, 6]
[2, 11, 9]
[7, 11, 5]
[4, 9, 12]
[11, 9, 8]
[3, 12, 7]
[0, 11, 1]
[8, 11, 1]
[2, 3, 0]
[6, 14, 0]
[11, 10, 3]
[13, 1, 8]
[5, 6, 8]
[11, 9, 14]
[2, 8, 7]
[14, 5, 4]
[2, 9, 14]
[2, 5, 8]
[0, 4, 9]
[2, 12, 4]
[10, 14, 0]
[2, 12, 5]
[5, 11, 6]
[5, 0, 7]
[10, 2, 1]
[4, 11, 8]
[6, 8, 3]
[9, 13, 1]
[7, 0, 6]
[11, 3, 13]
[2, 5, 3]
[11, 4, 6]
[1, 14, 13]
[9, 4, 8]
[14, 12, 6]
[4, 5, 11]
[12, 4, 9]
[10, 7, 11]
[12, 9, 1]
[0, 9, 1]
[1, 7, 2]
[9, 2, 5]
