P1,P2,...,Pn
[1, 3]
[5, 13]
[5, 9]
[2, 6]
[13, 5]
[5, 12]
[0, 2]
[3, 8]
[12, 9]
[6, 14]
[2, 12]
[1, 10]
[1, 8]
[3, 12]
[3, 4]
[3, 11]
[3, 2]
[4, 0]
[7, 2]
[12, 9]
[9, 6]
[12, 1]
[9, 1]
[8, 2]
[9, 2]
[14, 5]
[4, 5]
[8, 11]
[8, 4]
[1, 14]
[12, 7]
[7, 1]
[10, 7]
[2, 0]
[7, 4]
[13, 10]
[14, 0]
[10, 2]
[3, 1]
[1, 6]
[6, 1]
[12, 9]
[0, 14]
[4, 14]
[4, 2]
[4, 8]
[0, 14]
[14, 1]
[1, 9]
[10, 0]
[2, 1]
[7, 2]
[4, 5]
[0, 6]
[10, 1]
[0, 13]
[12, 3]
[8, 12]
[1, 8]
[1, 0]
[7, 2]
[3, 2]
[0, 8]
[5, 13]
[13, 2]
[5, 7]
[1, 9]
[5, 13]
[7, 14]
[9, 1]
[3, 2]
[11, 4]
[9, 1]
[13, 2]
[12, 14]
[0, 4]
[3, 12]
[11, 7]
[6, 11]
[7, 2]
[8, 1]
[8, 2]
[9, 10]
[8, 12]
[8, 6]
[10, 13]
[8, 14]
[11, 13]
[9, 1]
[2, 4]
[14, 4]
[10, 0]
[14, 5]
[14, 4]
[1, 10]
[14, 7]
[3, 5]
[8, 3]
[5, 7]
[1, 10]
[9, 10]
[9, 10]
[0, 11]
[3, 0]
[1, 7]
[4, 14]
[11, 8]
[11, 1]
[10, 13]
[8, 12]
[8, 5]
[9, 12]
[9, 12]
[0, 8]
[13, 14]
[14, 2]
[6, 10]
[8, 1]
[6, 13]
[9, 13]
[11, 14]
[12, 9]
[13, 9]
[12, 8]
[10, 14]
[13, 2]
[2, 3]
[9, 14]
[10, 12]
[1, 7]
[5, 13]
[4, 6]
[10, 4]
[7, 14]
[5, 0]
[10, 7]
[0, 10]
[9, 1]
[12, 2]
[5, 12]
[11, 13]
[10, 9]
[0, 13]
[11, 10]
[12, 5]
[1, 3]
[8, 13]
[6, 11]
[8, 12]
[9, 1]
[11, 2]
[7, 3]
[11, 2]
[11, 1]
[11, 1]
[1, 2]
[13, 3]
[5, 13]
[3, 12]
[1, 12]
[3, 12]
[10, 3]
[2, 6]
[3, 9]
[7, 3]
[7, 12]
[12, 4]
[11, 3]
[5, 6]
[2, 0]
[1, 4]
[13, 5]
[13, 3]
[2, 5]
[1, 11]
[9, 1]
[6, 4]
[14, 0]
[12, 0]
[2, 1]
[10, 2]
[10, 7]
[14, 7]
[12, 9]
[13, 12]
[4, 5]
[4, 5]
[3, 1]
[3, 14]
[9, 2]
[5, 13]
[10, 3]
[11, 14]
[8, 2]
[12, 3]
[5, 12]
[11, 1]
[3, 0]
[1, 10]
[13, 1]
[12, 2]
[11, 7]
[0, 6]
[3, 2]
[13, 12]
[11, 13]
[8, 6]
[2, 5]
[5, 2]
[10, 11]
[1, 9]
[14, 11]
[11, 8]
[8, 6]
[1, 0]
[14, 12]
[3, 9]
[3, 14]
[2, 13]
[12, 3]
[14, 12]
[0, 9]
[4, 9]
[14, 11]
[12, 1]
[14, 7]
[7, 13]
[10, 4]
[7, 0]
[7, 9]
[4, 3]
[9, 2]
[8, 9]
[13, 5]
[3, 1]
[9, 8]
