P1,P2,...,Pn
[2, 11]
[13, 10]
[7, 2]
[9, 13]
[6, 14]
[13, 2]
[3, 4]
[13, 8]
[4, 13]
[1, 14]
[14, 6]
[5, 2]
[8, 13]
[11, 0]
[4, 13]
[3, 11]
[0, 12]
[7, 4]
[9, 6]
[14, 1]
[5, 10]
[6, 10]
[1, 9]
[9, 6]
[4, 13]
[14, 13]
[1, 4]
[13, 8]
[12, 4]
[9, 7]
[3, 6]
[14, 7]
[12, 0]
[4, 5]
[9, 4]
[13, 8]
[1, 6]
[9, 4]
[12, 14]
[14, 11]
[2, 8]
[7, 4]
[10, 3]
[14, 0]
[14, 9]
[6, 12]
[8, 13]
[13, 1]
[2, 8]
[12, 1]
[5, 6]
[2, 14]
[4, 8]
[13, 7]
[7, 4]
[10, 2]
[12, 13]
[9, 10]
[9, 4]
[7, 14]
[13, 3]
[14, 0]
[13, 2]
[13, 3]
[10, 5]
[4, 11]
[8, 12]
[12, 2]
[14, 9]
[8, 1]
[5, 11]
[6, 5]
[13, 5]
[7, 11]
[5, 7]
[2, 9]
[1, 3]
[11, 3]
[12, 1]
[3, 5]
[9, 0]
[8, 13]
[9, 8]
[3, 8]
[1, 11]
[7, 1]
[10, 0]
[4, 6]
[7, 10]
[14, 11]
[0, 12]
[14, 6]
[4, 9]
[2, 10]
[13, 2]
[10, 14]
[9, 8]
[11, 14]
[13, 9]
[12, 0]
[1, 7]
[4, 1]
[5, 10]
[5, 9]
[5, 8]
[3, 4]
[10, 5]
[12, 5]
[9, 0]
[12, 5]
[8, 7]
[14, 13]
[7, 11]
[11, 9]
[13, 9]
[5, 9]
[13, 1]
[2, 4]
[12, 10]
[3, 4]
[13, 11]
[9, 13]
[9, 5]
[7, 5]
[4, 9]
[2, 0]
[13, 3]
[6, 12]
[3, 0]
[9, 6]
[12, 13]
[2, 14]
[7, 3]
[8, 6]
[11, 0]
[5, 12]
[12, 0]
[14, 7]
[12, 3]
[12, 4]
[10, 3]
