P1,P2,...,Pn
[10, 3, 11, 9, 13]
[9, 4, 14, 12, 11]
[5, 9, 4, 8, 7]
[7, 13, 4, 2, 3]
[2, 4, 5, 12, 10]
[12, 0, 7, 14, 11]
[14, 2, 7, 6, 4]
[10, 1, 2, 5, 13]
[3, 10, 11, 9, 13]
[10, 14, 5, 3, 7]
[11, 6, 10, 3, 5]
[7, 9, 3, 13, 4]
[1, 8, 10, 9, 5]
[4, 12, 14, 11, 7]
[9, 2, 1, 11, 4]
[12, 7, 14, 3, 13]
[0, 6, 12, 14, 11]
[14, 0, 11, 10, 9]
[11, 2, 10, 14, 13]
[9, 7, 2, 10, 13]
[1, 7, 14, 12, 9]
[14, 9, 5, 2, 7]
[10, 8, 7, 6, 11]
[2, 11, 12, 3, 9]
[11, 9, 2, 1, 5]
[13, 7, 0, 6, 3]
[9, 2, 7, 5, 1]
[4, 2, 3, 6, 10]
[8, 5, 2, 10, 6]
[2, 0, 7, 1, 9]
[11, 0, 10, 9, 5]
[13, 7, 4, 5, 9]
[9, 14, 0, 12, 11]
[14, 9, 2, 7, 10]
