P1,P2,...,Pn
[3, 2]
[13, 7]
[10, 14]
[12, 11]
[12, 2]
[2, 6]
[13, 12]
[7, 1]
[8, 7]
[9, 8]
[13, 2]
[11, 12]
[13, 10]
[14, 5]
[10, 4]
[1, 8]
[12, 7]
[7, 2]
[3, 11]
[0, 8]
[2, 4]
[3, 14]
[9, 4]
[10, 13]
[0, 6]
[4, 3]
[12, 4]
[7, 11]
[0, 1]
[1, 11]
[5, 6]
[8, 4]
[11, 4]
[8, 13]
[9, 3]
[8, 11]
[4, 12]
[0, 2]
[4, 14]
[8, 3]
[4, 6]
[12, 13]
[6, 12]
[13, 6]
[8, 0]
[12, 7]
[7, 0]
[14, 4]
[6, 8]
[13, 5]
[12, 7]
[1, 11]
[8, 9]
[3, 10]
[9, 13]
[13, 4]
[6, 9]
[12, 9]
[12, 1]
[0, 11]
[9, 3]
[0, 12]
[12, 7]
[7, 14]
[0, 2]
[9, 8]
[13, 9]
[1, 11]
[14, 11]
[11, 3]
[2, 5]
[7, 5]
[0, 7]
[5, 14]
[7, 14]
[7, 1]
[13, 14]
[11, 5]
[2, 8]
[1, 12]
[4, 12]
[4, 1]
[12, 10]
[7, 10]
[8, 7]
[2, 0]
[6, 2]
[3, 11]
[13, 12]
[11, 3]
[3, 14]
[13, 5]
[11, 9]
[11, 3]
[0, 6]
[3, 10]
[14, 2]
[14, 12]
[14, 8]
[14, 3]
[7, 10]
[11, 4]
[2, 9]
[1, 10]
[12, 0]
[14, 1]
[2, 13]
[7, 12]
[14, 6]
[13, 11]
[9, 2]
[3, 8]
[9, 1]
[14, 9]
[9, 11]
[4, 5]
[9, 3]
[12, 10]
[3, 2]
[14, 13]
[12, 7]
[6, 1]
[6, 1]
[12, 8]
[4, 2]
[13, 11]
[0, 7]
[9, 8]
[3, 11]
[7, 4]
[0, 14]
[4, 6]
[3, 12]
[9, 14]
[4, 12]
[1, 3]
[4, 8]
[0, 12]
[5, 12]
[11, 6]
[0, 10]
[11, 2]
[0, 11]
[13, 1]
[1, 6]
[13, 12]
[3, 8]
[8, 6]
[12, 10]
[4, 6]
[12, 11]
[9, 4]
[13, 14]
[6, 4]
[0, 12]
[3, 14]
[6, 12]
[9, 2]
[5, 7]
[1, 10]
[13, 9]
[5, 13]
[11, 0]
[7, 13]
[3, 13]
[13, 3]
[2, 1]
[8, 12]
[11, 13]
[9, 7]
[7, 13]
[5, 14]
[1, 3]
[1, 13]
[13, 9]
[4, 12]
[14, 0]
