P1,P2,...,Pn
[11, 1, 10, 7, 9]
[0, 13, 1, 11, 8]
[3, 1, 12, 8, 6]
[0, 7, 8, 2, 6]
[6, 7, 3, 5, 2]
[7, 0, 6, 12, 4]
[5, 1, 4, 9, 12]
[12, 14, 11, 7, 1]
[14, 12, 4, 5, 11]
[4, 14, 13, 9, 5]
[7, 10, 3, 12, 0]
[6, 4, 0, 12, 9]
[5, 6, 8, 13, 4]
[0, 1, 12, 3, 11]
[7, 3, 4, 2, 12]
[13, 7, 3, 9, 12]
[3, 11, 4, 10, 8]
[13, 0, 4, 10, 3]
[9, 12, 11, 3, 8]
[3, 0, 11, 12, 4]
[1, 0, 7, 8, 11]
[11, 6, 4, 2, 10]
[7, 9, 8, 11, 3]
[8, 11, 5, 2, 7]
[14, 1, 7, 0, 11]
[1, 7, 0, 8, 14]
[2, 5, 7, 10, 1]
[4, 9, 3, 1, 13]
[2, 14, 3, 6, 0]
[11, 2, 0, 5, 1]
[1, 5, 9, 2, 7]
[10, 1, 12, 14, 11]
[9, 2, 3, 11, 0]
