P1,P2,...,Pn
[13]
[11]
[9]
[2]
[13]
[13]
[4]
[7]
[13]
[12]
[5]
[10]
[8]
[2]
[4]
[0]
[8]
[6]
[9]
[11]
[1]
[7]
[12]
[10]
[1]
[12]
[4]
[13]
[4]
[13]
[7]
[10]
[1]
[4]
[4]
[11]
[0]
[8]
[3]
[7]
[12]
[13]
[4]
[9]
[10]
[8]
[6]
[4]
[0]
[6]
[13]
[9]
[12]
[0]
[9]
[13]
[14]
[7]
[6]
[12]
[3]
[3]
[14]
[6]
[2]
[4]
[13]
[11]
[0]
[2]
[0]
[13]
[1]
[12]
[11]
[5]
[8]
[3]
[6]
[6]
[2]
[13]
[5]
[10]
[6]
[3]
[12]
[4]
[8]
[3]
[13]
[6]
[10]
[8]
[6]
[3]
[10]
[12]
[7]
[6]
[14]
[12]
[5]
[2]
[4]
[11]
[0]
[2]
[9]
[2]
[6]
[8]
[13]
[6]
[13]
[3]
[1]
[13]
[10]
[9]
[0]
[10]
[12]
[11]
[4]
[6]
[11]
[9]
[14]
[13]
[8]
[11]
[14]
[14]
[11]
[4]
[6]
[0]
[10]
[8]
[12]
[8]
[3]
[8]
[3]
[7]
[7]
[1]
[6]
[6]
[9]
[12]
[5]
[11]
[12]
[11]
[5]
[13]
[14]
[10]
[9]
[2]
[11]
[5]
[8]
[11]
[9]
[8]
[13]
[1]
[6]
[0]
[2]
[10]
[9]
[3]
[6]
[6]
[7]
[12]
[7]
[2]
[6]
[10]
[3]
[7]
[0]
[1]
[11]
[6]
[12]
[5]
[6]
[7]
[10]
[2]
[7]
[6]
[7]
[14]
[6]
[12]
[14]
[7]
[8]
[6]
[13]
[3]
[8]
[8]
[5]
[8]
[11]
[6]
[1]
[3]
[0]
[1]
[7]
[4]
[8]
[5]
[11]
[0]
[12]
[6]
[10]
[8]
[5]
[9]
[5]
[11]
[1]
[0]
[14]
[9]
[14]
[6]
[8]
[11]
[1]
[12]
[2]
[3]
[2]
[5]
[7]
[6]
