P1,P2,...,Pn
[7, 8]
[14, 10]
[13, 5]
[14, 0]
[14, 4]
[7, 12]
[6, 11]
[7, 6]
[3, 10]
[6, 9]
[1, 8]
[11, 14]
[9, 7]
[5, 11]
[14, 1]
[11, 3]
[12, 10]
[3, 5]
[1, 7]
[11, 14]
[0, 13]
[12, 6]
[0, 8]
[8, 0]
[10, 14]
[3, 12]
[4, 6]
[4, 0]
[2, 0]
[8, 12]
[3, 0]
[2, 7]
[1, 8]
[5, 1]
[14, 6]
[14, 11]
[6, 3]
[1, 7]
[14, 11]
[7, 13]
[8, 10]
[12, 8]
[13, 3]
[8, 11]
[3, 9]
[10, 3]
[3, 11]
[6, 5]
[4, 3]
[13, 10]
[12, 9]
[13, 10]
[1, 14]
[5, 10]
[11, 7]
[14, 11]
[12, 14]
[10, 3]
[14, 7]
[12, 0]
[10, 2]
[11, 3]
[6, 3]
[9, 8]
[6, 12]
[6, 5]
[12, 6]
[10, 13]
[6, 13]
[14, 1]
[13, 6]
[6, 14]
[9, 1]
[10, 0]
[11, 9]
[12, 8]
[6, 4]
[3, 1]
[6, 4]
[4, 10]
[0, 6]
[1, 14]
[14, 2]
[5, 13]
[2, 6]
[8, 10]
[1, 14]
[12, 4]
[7, 13]
[12, 14]
[11, 5]
[5, 7]
[1, 7]
[9, 8]
[7, 4]
[9, 12]
[2, 1]
[9, 1]
[10, 1]
[11, 12]
[14, 13]
[3, 13]
[12, 10]
[4, 10]
[7, 4]
[11, 2]
[11, 4]
[2, 9]
[5, 3]
[9, 7]
[6, 8]
[3, 14]
[3, 7]
[8, 9]
[9, 13]
[8, 9]
[14, 9]
[0, 6]
[0, 12]
[14, 0]
[5, 10]
[4, 11]
[8, 1]
[13, 4]
[3, 2]
[14, 13]
[1, 11]
[4, 13]
[13, 1]
[10, 7]
[0, 5]
[5, 0]
[13, 11]
[12, 0]
[5, 1]
[10, 7]
[10, 5]
[11, 9]
[11, 6]
[7, 11]
[1, 4]
[11, 4]
[3, 5]
[11, 4]
[7, 0]
[12, 13]
[8, 11]
[4, 10]
[11, 1]
[3, 9]
[11, 4]
[4, 1]
[13, 9]
[3, 1]
[4, 8]
[11, 13]
[2, 6]
[1, 12]
[5, 12]
[7, 1]
[4, 7]
[8, 9]
[14, 4]
[14, 6]
[9, 7]
[1, 7]
[0, 5]
[11, 14]
[5, 11]
[10, 8]
[6, 10]
[5, 6]
[14, 0]
[11, 14]
[9, 4]
[6, 9]
[14, 7]
[9, 0]
[3, 2]
[0, 12]
[5, 3]
[8, 13]
[0, 13]
[14, 13]
[5, 1]
[3, 13]
[10, 9]
[10, 12]
[2, 9]
[12, 13]
[7, 6]
[8, 6]
[13, 10]
[11, 2]
[4, 2]
[0, 13]
[10, 13]
[2, 4]
[9, 6]
[12, 5]
[0, 10]
[14, 9]
[6, 1]
[4, 8]
[7, 9]
[3, 5]
[0, 3]
[7, 0]
[3, 13]
[4, 1]
[8, 4]
[1, 0]
[1, 10]
[9, 11]
[7, 0]
[0, 5]
[6, 7]
[11, 13]
[13, 8]
[8, 3]
[0, 8]
[10, 7]
[6, 8]
