P1,P2,...,Pn
[4, 13]
[4, 9]
[4, 3]
[2, 9]
[8, 3]
[0, 11]
[8, 7]
[8, 4]
[7, 9]
[12, 7]
[9, 1]
[7, 0]
[10, 0]
[1, 11]
[10, 11]
[13, 10]
[2, 9]
[10, 8]
[0, 2]
[9, 7]
[6, 0]
[4, 13]
[12, 13]
[0, 8]
[0, 2]
[2, 7]
[1, 13]
[6, 12]
[6, 10]
[11, 8]
[1, 7]
[5, 4]
[8, 9]
[2, 7]
[8, 14]
[3, 2]
[8, 14]
[14, 2]
[12, 13]
[8, 7]
[7, 9]
[6, 0]
[7, 6]
[12, 7]
[7, 11]
[12, 4]
[14, 6]
[4, 3]
[7, 2]
[10, 0]
[3, 12]
[5, 3]
[5, 13]
[11, 1]
[0, 11]
[2, 4]
[12, 4]
[14, 13]
[11, 0]
[3, 12]
[13, 3]
[2, 12]
[2, 3]
[14, 6]
[14, 11]
[2, 14]
[2, 12]
[10, 7]
[2, 12]
[1, 7]
[9, 0]
[14, 12]
[10, 9]
[9, 5]
[5, 9]
[2, 12]
[3, 5]
[7, 9]
[6, 5]
[5, 11]
[4, 13]
[9, 3]
[13, 6]
[8, 13]
[11, 7]
[9, 11]
[6, 14]
[8, 7]
[6, 1]
[14, 2]
[1, 3]
[1, 10]
[4, 1]
[11, 8]
[13, 1]
[7, 14]
[9, 6]
[8, 12]
[11, 6]
[12, 1]
[9, 4]
[5, 12]
[8, 2]
[12, 10]
[14, 10]
[1, 11]
[6, 0]
[6, 2]
[0, 3]
[6, 3]
[4, 2]
[8, 6]
[4, 0]
[14, 7]
[0, 8]
