P1,P2,...,Pn
[10]
[10]
[14]
[13]
[9]
[2]
[13]
[12]
[11]
[1]
[1]
[4]
[5]
[12]
[10]
[2]
[7]
[12]
[14]
[5]
[4]
[12]
[13]
[2]
[3]
[14]
[9]
[5]
[10]
[10]
[5]
[6]
[0]
[3]
[2]
[10]
[6]
[2]
[2]
[14]
[10]
[2]
[6]
[4]
[0]
[1]
[6]
[5]
[1]
[11]
[5]
[12]
[11]
[1]
[5]
[11]
[2]
[0]
[11]
[9]
[8]
[1]
[12]
[11]
[8]
[1]
[7]
[2]
[9]
[1]
[2]
[3]
[9]
[4]
[13]
[11]
[1]
[5]
[0]
[9]
[12]
[5]
[3]
[5]
[2]
[7]
[2]
[0]
[3]
[4]
[7]
[3]
[12]
[1]
[13]
[9]
[9]
[12]
[9]
[7]
[12]
[0]
[2]
[5]
[7]
[6]
[14]
[0]
[11]
[12]
[7]
[0]
[11]
[8]
[7]
[12]
[13]
[10]
[14]
[1]
[4]
[13]
[13]
[4]
[12]
[4]
[12]
[1]
[6]
[2]
[11]
[0]
[12]
[12]
[10]
[3]
[2]
[11]
[13]
[10]
[5]
[9]
[6]
[5]
[5]
[12]
[11]
[12]
[9]
[6]
[10]
[7]
[10]
[5]
[7]
[2]
[6]
[10]
[11]
[11]
[13]
[0]
[5]
[8]
[14]
[9]
[5]
[13]
[2]
[4]
[0]
[4]
[11]
[3]
[2]
[4]
[5]
[11]
[1]
[6]
[12]
[12]
[14]
[14]
[9]
[10]
[9]
[0]
[8]
[7]
[13]
[9]
[8]
[2]
[10]
[13]
[2]
[1]
[7]
[11]
[5]
[1]
[8]
[6]
[6]
[14]
[1]
[1]
[13]
[5]
[4]
[13]
[9]
[0]
[2]
[10]
[3]
[8]
