P1,P2,...,Pn
[1]
[1]
[7]
[2]
[2]
[12]
[8]
[0]
[6]
[10]
[9]
[11]
[14]
[0]
[6]
[9]
[14]
[3]
[13]
[5]
[1]
[12]
[1]
[2]
[7]
[4]
[5]
[2]
[0]
[2]
[8]
[7]
[3]
[10]
[6]
[6]
[8]
[3]
[14]
[3]
[3]
[3]
[2]
[14]
[14]
[14]
[7]
[9]
[4]
[13]
[14]
[3]
[9]
[11]
[7]
[1]
[0]
[8]
[11]
[6]
[10]
[8]
[3]
[1]
[0]
[13]
[5]
[13]
[12]
[8]
[2]
[6]
[12]
[14]
[6]
[5]
[12]
[0]
[5]
[11]
[8]
[0]
[6]
[7]
[11]
[11]
[13]
[7]
[14]
[11]
[8]
[13]
[7]
[3]
[10]
[6]
[11]
[4]
[2]
[3]
[2]
[4]
[3]
[9]
[10]
[2]
[4]
[8]
[2]
[9]
[12]
[6]
[4]
[6]
[14]
[0]
[4]
[13]
[8]
[7]
[6]
[3]
[9]
[10]
[11]
[2]
[5]
[1]
[11]
[13]
[10]
[6]
[5]
[4]
[11]
[12]
[13]
[5]
[9]
[2]
[11]
[12]
[10]
[6]
[5]
[2]
[7]
