P1,P2,...,Pn
[5, 11, 1]
[1, 8, 0]
[12, 7, 11]
[6, 8, 10]
[4, 7, 2]
[0, 11, 1]
[14, 2, 12]
[3, 9, 2]
[10, 11, 13]
[14, 6, 5]
[9, 14, 10]
[6, 13, 10]
[4, 2, 11]
[11, 9, 8]
[12, 11, 0]
[7, 12, 4]
[14, 7, 4]
[11, 0, 9]
[4, 14, 11]
[13, 8, 11]
[2, 9, 6]
[2, 0, 11]
[14, 0, 12]
[12, 11, 3]
[6, 4, 2]
[8, 6, 12]
[13, 8, 12]
[4, 12, 10]
[2, 5, 6]
[2, 14, 3]
[7, 13, 12]
[3, 4, 8]
[14, 11, 5]
[1, 14, 8]
[9, 3, 8]
[8, 10, 4]
[2, 9, 12]
[4, 8, 5]
[7, 5, 14]
[4, 12, 9]
[14, 10, 6]
[12, 0, 4]
[11, 9, 1]
[6, 11, 4]
[4, 5, 1]
[14, 12, 0]
[4, 5, 13]
[1, 11, 13]
[8, 7, 1]
[0, 8, 10]
[1, 11, 2]
[7, 5, 0]
[5, 8, 2]
[6, 13, 12]
[10, 0, 5]
[0, 12, 4]
[4, 13, 9]
[1, 5, 0]
[2, 1, 10]
[1, 3, 5]
[4, 0, 11]
[13, 8, 14]
[7, 10, 6]
[9, 6, 5]
[7, 12, 9]
[2, 6, 5]
[14, 2, 7]
[8, 1, 2]
[3, 6, 8]
[6, 5, 11]
[3, 4, 8]
[12, 2, 10]
[13, 9, 11]
[1, 12, 5]
[5, 3, 1]
[4, 12, 5]
[12, 2, 7]
[9, 7, 12]
[5, 10, 3]
[11, 5, 6]
[4, 1, 8]
[7, 4, 0]
[3, 13, 1]
[3, 11, 14]
[4, 9, 13]
[6, 10, 4]
[13, 14, 3]
[11, 2, 4]
[11, 4, 7]
[11, 8, 14]
[2, 1, 8]
[10, 5, 3]
[3, 11, 6]
[8, 2, 10]
[7, 2, 13]
[0, 6, 1]
[6, 4, 10]
[5, 14, 2]
[10, 1, 11]
[4, 13, 0]
[4, 5, 2]
[7, 11, 2]
[7, 14, 10]
[4, 0, 5]
[10, 6, 11]
[13, 3, 8]
[9, 2, 13]
[12, 10, 1]
[10, 13, 0]
[3, 1, 11]
[1, 9, 2]
[2, 12, 4]
[13, 4, 2]
[12, 14, 9]
[7, 0, 5]
[3, 5, 4]
[5, 10, 4]
[0, 5, 3]
[14, 9, 3]
[10, 8, 4]
[9, 14, 11]
[14, 3, 1]
[7, 8, 13]
[14, 0, 9]
[13, 0, 10]
[7, 1, 12]
[4, 1, 7]
[1, 11, 0]
[10, 3, 14]
[4, 3, 5]
[0, 9, 14]
[3, 14, 6]
[3, 13, 1]
[4, 12, 7]
[12, 4, 8]
[11, 4, 13]
[9, 1, 5]
[11, 13, 6]
[6, 2, 4]
[0, 5, 12]
[1, 9, 7]
[3, 7, 4]
[2, 10, 9]
[4, 2, 1]
[8, 2, 14]
[14, 6, 13]
[5, 0, 13]
[8, 11, 1]
[9, 13, 7]
[7, 9, 8]
[13, 1, 8]
[12, 9, 13]
[12, 11, 4]
[7, 13, 14]
[4, 7, 2]
[8, 9, 1]
[14, 11, 4]
[7, 5, 2]
[8, 4, 11]
[11, 5, 0]
[10, 3, 13]
[8, 11, 12]
[2, 1, 11]
[8, 9, 1]
[3, 5, 4]
[13, 6, 9]
[7, 0, 4]
[3, 12, 9]
[13, 11, 0]
[10, 8, 3]
[13, 6, 0]
[3, 1, 14]
[1, 10, 5]
[1, 13, 3]
[0, 10, 4]
[7, 4, 0]
[0, 10, 6]
[6, 5, 7]
[2, 13, 4]
[3, 6, 5]
[13, 0, 10]
[10, 3, 0]
[10, 14, 1]
[14, 12, 11]
[2, 5, 6]
[9, 7, 14]
[5, 7, 3]
[12, 1, 3]
[12, 7, 2]
[8, 3, 2]
[12, 14, 2]
[1, 14, 11]
[14, 9, 6]
[10, 8, 5]
[2, 9, 6]
[5, 4, 9]
[3, 5, 8]
[11, 3, 2]
[2, 11, 14]
[9, 8, 0]
[12, 11, 13]
[10, 7, 3]
[8, 11, 1]
[5, 2, 6]
[3, 5, 4]
[11, 12, 7]
[11, 6, 8]
[11, 5, 4]
[2, 0, 1]
[9, 0, 13]
[6, 8, 7]
[4, 6, 2]
[14, 8, 0]
[9, 2, 3]
[4, 5, 8]
[12, 11, 2]
[3, 11, 6]
[9, 10, 5]
[4, 8, 12]
[11, 9, 13]
[7, 14, 9]
[13, 14, 2]
[2, 4, 5]
[12, 4, 11]
[4, 0, 3]
[14, 3, 10]
[6, 14, 13]
[3, 14, 2]
[6, 13, 9]
[13, 7, 12]
[10, 14, 5]
[2, 8, 3]
[4, 3, 11]
[2, 6, 11]
[10, 13, 6]
[3, 6, 13]
[0, 4, 14]
[0, 3, 9]
[6, 3, 8]
[6, 3, 10]
[9, 7, 4]
[8, 6, 10]
[5, 0, 4]
[1, 13, 4]
[2, 14, 6]
[10, 14, 7]
[13, 11, 12]
[12, 2, 10]
[6, 14, 4]
[11, 8, 13]
[11, 7, 2]
[4, 2, 14]
[9, 3, 8]
[4, 8, 11]
[2, 9, 1]
[5, 7, 2]
[0, 10, 3]
[9, 4, 5]
[3, 0, 8]
[8, 2, 5]
[4, 1, 8]
[9, 0, 1]
[14, 0, 3]
[9, 0, 12]
[10, 5, 8]
[12, 7, 2]
[7, 9, 10]
[3, 4, 9]
[6, 3, 0]
[14, 7, 5]
[12, 3, 1]
[0, 5, 3]
