P1,P2,...,Pn
[11]
[3]
[13]
[8]
[9]
[13]
[6]
[11]
[8]
[4]
[10]
[13]
[8]
[2]
[12]
[11]
[6]
[7]
[13]
[4]
[13]
[11]
[1]
[9]
[8]
[7]
[7]
[8]
[3]
[7]
[3]
[14]
[13]
[0]
[7]
[9]
[12]
[14]
[9]
[1]
[1]
[13]
[13]
[11]
[11]
[12]
[13]
[13]
[0]
[6]
[14]
[2]
[12]
[4]
[6]
[7]
[4]
[11]
[13]
[7]
[12]
[2]
[9]
[10]
[6]
[4]
[12]
[1]
[1]
[5]
[7]
[3]
[6]
[3]
[3]
[7]
[11]
[3]
[1]
[3]
[13]
[10]
[13]
[10]
[14]
[11]
[2]
[4]
[6]
[2]
[2]
[1]
[2]
[10]
[13]
[0]
[14]
[14]
[8]
[11]
[5]
[14]
[13]
[13]
[12]
[0]
[9]
[13]
[0]
[12]
[3]
[4]
[4]
[5]
[11]
[12]
[8]
[13]
[4]
[3]
[6]
[3]
[13]
[3]
[6]
[12]
[8]
[14]
[1]
[4]
[12]
[4]
[7]
[14]
[4]
[11]
[3]
[7]
[11]
[4]
[11]
[7]
[2]
[2]
[1]
[12]
[12]
[4]
[5]
[3]
[7]
[14]
[14]
[11]
[13]
[10]
[3]
[3]
[10]
[13]
[0]
[9]
[13]
[2]
[11]
[3]
[3]
[4]
[7]
[5]
[12]
[10]
[2]
[2]
[10]
[13]
[13]
[12]
[4]
[4]
[4]
[7]
[3]
[10]
[11]
[6]
[13]
[14]
[14]
[11]
[12]
[2]
[2]
[6]
[1]
[11]
[5]
[10]
[14]
[2]
[7]
[7]
[5]
[4]
[6]
[5]
[11]
[12]
[7]
[2]
[14]
[6]
[3]
[14]
[5]
[12]
[10]
[4]
[5]
[6]
[12]
[4]
[7]
[7]
[9]
