P1,P2,...,Pn
[0]
[1]
[5]
[10]
[5]
[14]
[0]
[11]
[5]
[10]
[8]
[13]
[12]
[1]
[9]
[4]
[7]
[4]
[5]
[0]
[8]
[0]
[0]
[2]
[3]
[5]
[14]
[2]
[5]
[3]
[0]
[4]
[11]
[8]
[10]
[5]
[14]
[4]
[2]
[1]
[13]
[5]
[9]
[6]
[3]
[9]
[14]
[2]
[11]
[3]
[7]
[5]
[5]
[8]
[6]
[9]
[2]
[1]
[7]
[12]
[6]
[7]
[13]
[12]
[0]
[6]
[9]
[2]
[14]
[14]
[3]
[0]
[14]
[9]
[11]
[12]
[2]
[14]
[13]
[3]
[10]
[14]
[5]
[3]
[2]
[4]
[11]
[7]
[0]
[8]
[3]
[3]
[14]
[5]
[12]
[14]
[3]
[13]
[11]
[9]
[5]
[14]
[5]
[12]
[7]
[12]
[4]
[4]
[2]
[12]
[1]
[1]
[9]
[11]
[2]
[0]
[14]
[10]
[9]
[5]
[13]
[14]
[11]
[3]
[10]
[4]
[3]
[11]
[0]
[11]
[1]
[11]
[2]
[13]
[3]
[13]
[5]
[10]
[11]
[2]
[10]
[6]
[8]
[11]
[6]
[2]
[13]
[11]
[13]
[8]
[3]
[9]
[4]
[8]
[0]
[7]
[5]
[0]
[7]
[0]
[5]
[9]
[12]
[0]
[9]
[8]
[3]
[7]
[0]
[6]
[14]
[13]
[1]
[1]
[12]
[6]
[10]
[13]
[7]
[2]
[10]
[12]
[11]
[12]
[7]
[2]
[6]
[7]
[1]
[14]
[13]
[12]
[14]
[6]
[12]
[11]
[13]
[1]
[0]
[0]
[2]
[3]
[14]
[13]
[5]
[1]
[11]
[5]
[2]
[5]
[6]
[10]
[5]
[13]
[2]
[12]
[13]
[14]
[2]
