P1,P2,...,Pn
[4]
[4]
[14]
[1]
[8]
[13]
[4]
[9]
[4]
[12]
[6]
[2]
[4]
[6]
[1]
[3]
[10]
[12]
[0]
[14]
[13]
[10]
[2]
[6]
[10]
[13]
[11]
[10]
[14]
[0]
[10]
[12]
[8]
[0]
[5]
[8]
[3]
[3]
[8]
[12]
[6]
[6]
[6]
[2]
[11]
[11]
[0]
[0]
[0]
[8]
[5]
[9]
[10]
[14]
[9]
[1]
[12]
[13]
[5]
[3]
[0]
[5]
[4]
[6]
[0]
[0]
[0]
[2]
[6]
[12]
[0]
[3]
[7]
[12]
[11]
[11]
[8]
[10]
[6]
[2]
[7]
[2]
[4]
[6]
[6]
[6]
[1]
[6]
[5]
[1]
[1]
[4]
[13]
[6]
[7]
[10]
[2]
[9]
[2]
[12]
[0]
[7]
[14]
[8]
[14]
[12]
[12]
[2]
[11]
[8]
[5]
[7]
[9]
[9]
[3]
[11]
[9]
[8]
[13]
[7]
[14]
[2]
[7]
[5]
[5]
[5]
[11]
[4]
[11]
[3]
[6]
[2]
