P1,P2,...,Pn
[13]
[12]
[6]
[0]
[6]
[13]
[9]
[9]
[2]
[3]
[12]
[6]
[4]
[10]
[5]
[14]
[10]
[14]
[5]
[14]
[5]
[12]
[7]
[13]
[5]
[12]
[12]
[5]
[11]
[13]
[7]
[2]
[3]
[14]
[13]
[14]
[6]
[12]
[13]
[10]
[3]
[7]
[2]
[8]
[5]
[5]
[13]
[8]
[3]
[11]
[4]
[0]
[0]
[7]
[7]
[7]
[6]
[2]
[0]
[9]
[4]
[14]
[3]
[6]
[12]
[7]
[3]
[13]
[2]
[14]
[6]
[4]
[10]
[9]
[10]
[8]
[7]
[14]
[6]
[6]
[4]
[14]
[2]
[10]
[14]
[1]
[9]
[11]
[5]
[11]
[13]
[7]
[7]
[13]
[1]
[3]
[10]
[14]
[1]
[5]
[0]
[9]
[0]
[4]
[1]
[2]
[14]
[0]
[2]
[11]
[3]
[12]
[3]
[0]
[6]
[7]
[10]
[9]
[6]
[5]
[14]
[4]
[6]
[6]
[13]
[1]
[13]
[2]
[4]
[3]
[11]
[0]
[10]
[13]
[11]
[5]
[7]
[8]
[12]
[5]
[13]
[0]
[7]
[10]
[10]
[9]
[13]
[1]
[11]
[7]
[14]
[9]
[1]
[2]
[14]
[11]
[5]
[12]
[0]
[3]
[6]
[3]
[12]
[9]
[13]
[14]
[1]
[1]
[3]
[3]
[14]
[10]
[9]
[14]
[4]
[13]
[1]
[6]
