P1,P2,...,Pn
[0, 4]
[2, 3]
[3, 7]
[10, 3]
[10, 3]
[2, 8]
[10, 8]
[0, 11]
[11, 12]
[13, 0]
[9, 13]
[12, 4]
[4, 3]
[14, 7]
[1, 11]
[14, 1]
[1, 13]
[7, 5]
[4, 7]
[13, 5]
[4, 14]
[4, 14]
[9, 13]
[10, 5]
[11, 8]
[13, 12]
[10, 13]
[12, 10]
[11, 2]
[4, 8]
[7, 4]
[8, 4]
[5, 11]
[13, 9]
[4, 0]
[11, 6]
[0, 10]
[11, 14]
[7, 2]
[3, 2]
[1, 2]
[4, 6]
[1, 2]
[1, 3]
[14, 4]
[7, 3]
[12, 4]
[3, 10]
[13, 11]
[9, 2]
[6, 12]
[10, 7]
[7, 13]
[1, 13]
[1, 4]
[11, 12]
[6, 2]
[5, 6]
[3, 2]
[13, 3]
[13, 6]
[4, 7]
[0, 13]
[1, 9]
[14, 0]
[7, 11]
[13, 6]
[3, 4]
[3, 9]
[5, 10]
[8, 14]
[13, 0]
[12, 8]
[9, 3]
[5, 12]
[0, 14]
[11, 1]
[10, 6]
[7, 11]
[4, 6]
[14, 6]
[8, 7]
[8, 11]
[4, 3]
[6, 5]
[2, 11]
[3, 0]
[2, 12]
[3, 11]
[0, 8]
[14, 6]
[2, 3]
