P1,P2,...,Pn
[10, 4]
[11, 4]
[1, 7]
[5, 8]
[13, 2]
[6, 10]
[6, 9]
[1, 5]
[13, 7]
[14, 10]
[5, 9]
[6, 2]
[12, 1]
[9, 5]
[4, 8]
[11, 13]
[6, 2]
[11, 13]
[12, 4]
[6, 2]
[13, 5]
[1, 13]
[1, 5]
[3, 11]
[7, 9]
[3, 0]
[11, 6]
[5, 12]
[2, 13]
[3, 14]
[13, 0]
[11, 3]
[8, 2]
[8, 9]
[11, 5]
[11, 13]
[13, 8]
[8, 13]
[9, 2]
[0, 10]
[4, 2]
[8, 0]
[11, 6]
[4, 5]
[14, 8]
[9, 12]
[8, 4]
[4, 6]
[14, 9]
[13, 2]
[10, 6]
[0, 13]
[4, 5]
[8, 9]
[13, 9]
[4, 14]
[8, 2]
[8, 6]
[6, 10]
[5, 1]
[7, 10]
[3, 14]
[10, 9]
[9, 13]
