P1,P2,...,Pn
[14, 3]
[14, 10]
[2, 14]
[2, 1]
[12, 14]
[12, 4]
[1, 6]
[5, 8]
[6, 8]
[9, 5]
[10, 5]
[9, 1]
[12, 6]
[8, 4]
[5, 0]
[1, 10]
[0, 5]
[4, 13]
[10, 2]
[7, 5]
[3, 10]
[14, 8]
[1, 14]
[8, 2]
[7, 9]
[5, 6]
[9, 7]
[10, 0]
[12, 9]
[5, 11]
[7, 4]
[0, 4]
[4, 6]
[6, 5]
[0, 10]
[8, 0]
[0, 6]
[1, 14]
[1, 12]
[13, 6]
[2, 12]
[11, 13]
[12, 10]
[6, 12]
[12, 8]
[4, 10]
[3, 9]
[7, 9]
[8, 13]
[1, 0]
[1, 10]
[7, 11]
[12, 2]
[0, 2]
[10, 12]
[5, 7]
[4, 5]
[14, 4]
[12, 0]
[7, 12]
[3, 2]
[7, 6]
[14, 11]
[1, 2]
[2, 1]
[14, 12]
[12, 11]
[10, 9]
[8, 4]
[4, 10]
[6, 8]
[7, 10]
[12, 13]
[6, 2]
[14, 4]
[1, 11]
[2, 12]
[13, 2]
[12, 2]
[2, 8]
[2, 1]
[12, 3]
[7, 13]
[7, 0]
[7, 4]
[9, 10]
[3, 12]
[4, 13]
[0, 10]
[11, 4]
[1, 11]
[12, 8]
[2, 5]
[9, 0]
[13, 1]
[12, 4]
[13, 14]
[5, 2]
[14, 7]
[9, 11]
[10, 0]
[1, 7]
[12, 10]
[3, 13]
[9, 5]
[10, 9]
[10, 0]
[1, 13]
[7, 5]
[13, 2]
[6, 12]
[13, 5]
[7, 4]
[1, 0]
[14, 1]
[9, 10]
[10, 13]
[14, 2]
[1, 11]
[0, 1]
[13, 1]
[13, 5]
[9, 4]
[7, 4]
[13, 1]
[1, 14]
[10, 7]
[4, 7]
[0, 5]
[2, 13]
[2, 13]
[5, 8]
[3, 2]
[13, 4]
[11, 3]
[2, 13]
[5, 8]
[3, 10]
[1, 13]
[3, 7]
[1, 4]
[4, 2]
[6, 7]
[11, 3]
[12, 13]
[3, 6]
[11, 10]
[3, 13]
[0, 8]
[11, 0]
[5, 0]
[14, 5]
[8, 10]
[4, 6]
[11, 10]
[1, 5]
[8, 3]
[8, 1]
[13, 1]
[13, 12]
[8, 9]
[2, 11]
[4, 5]
[1, 0]
[3, 12]
[9, 4]
[6, 7]
[0, 8]
[1, 0]
[11, 10]
[11, 10]
[6, 3]
[11, 8]
[11, 5]
[6, 5]
[6, 1]
[6, 2]
[10, 6]
[8, 2]
[8, 4]
[14, 10]
[11, 8]
[8, 7]
[6, 12]
[8, 9]
[13, 0]
[10, 12]
[7, 6]
[14, 8]
[13, 10]
[0, 10]
[7, 10]
[0, 3]
[0, 9]
[5, 8]
[12, 13]
[8, 13]
[9, 4]
[6, 10]
[11, 0]
[5, 9]
[2, 12]
[10, 7]
[10, 9]
[7, 4]
[14, 4]
[5, 10]
[3, 8]
[4, 1]
[13, 9]
[4, 6]
[6, 0]
[4, 2]
[4, 2]
[6, 3]
[2, 11]
[6, 4]
[5, 3]
[8, 3]
[4, 5]
[12, 5]
[9, 1]
[7, 4]
[13, 0]
[14, 0]
[12, 2]
[11, 7]
[4, 11]
[4, 2]
[8, 4]
[8, 5]
[3, 5]
[14, 13]
[1, 11]
[6, 8]
[9, 0]
[12, 8]
[9, 8]
[12, 6]
[7, 13]
[10, 3]
[8, 2]
[11, 9]
[4, 2]
[0, 7]
[3, 11]
[7, 12]
[9, 13]
[14, 0]
[9, 10]
[9, 14]
[7, 8]
[8, 0]
[6, 13]
[14, 8]
[12, 1]
[6, 13]
[5, 2]
[1, 5]
[5, 4]
[7, 13]
[8, 1]
[13, 8]
[4, 14]
[3, 0]
[13, 7]
[9, 8]
[12, 0]
[1, 0]
[1, 0]
[11, 10]
[3, 7]
[5, 13]
[4, 6]
[7, 12]
[4, 12]
[14, 2]
[6, 14]
[4, 3]
[6, 10]
[0, 9]
[12, 8]
[12, 9]
[4, 1]
[4, 11]
[4, 5]
[9, 3]
[13, 7]
[4, 10]
[7, 5]
[12, 6]
[8, 12]
[3, 2]
[2, 10]
[7, 12]
[11, 10]
[14, 13]
[4, 6]
[8, 7]
[6, 8]
[6, 14]
[6, 12]
[3, 2]
[12, 8]
[8, 11]
[1, 12]
[3, 5]
[6, 3]
[13, 5]
[2, 6]
[3, 1]
[13, 4]
[1, 14]
[13, 0]
[0, 9]
[9, 10]
[8, 13]
[4, 10]
[1, 10]
[5, 12]
[11, 13]
[9, 13]
[0, 2]
[6, 11]
[5, 10]
[10, 4]
[8, 3]
[9, 11]
[0, 6]
[8, 13]
[2, 6]
[5, 14]
[9, 4]
[9, 3]
[13, 1]
