P1,P2,...,Pn
[0, 6, 13]
[2, 0, 10]
[1, 12, 0]
[1, 7, 11]
[11, 2, 1]
[1, 0, 8]
[8, 10, 9]
[1, 11, 12]
[6, 3, 12]
[0, 12, 3]
[7, 3, 8]
[13, 9, 3]
[7, 13, 3]
[6, 13, 9]
[12, 11, 7]
[8, 12, 11]
[13, 11, 6]
[8, 13, 12]
[4, 7, 8]
[2, 7, 13]
[0, 7, 3]
[4, 11, 2]
[2, 5, 3]
[14, 1, 4]
[2, 1, 8]
[10, 4, 13]
[0, 3, 10]
[3, 2, 0]
[0, 7, 12]
[6, 1, 14]
[6, 4, 5]
[3, 4, 1]
[5, 11, 14]
[1, 3, 4]
[8, 4, 12]
[2, 0, 8]
[12, 5, 10]
[11, 9, 6]
[14, 5, 11]
[3, 10, 13]
[3, 14, 1]
[12, 4, 6]
[9, 14, 3]
[0, 8, 12]
[3, 13, 2]
[5, 6, 12]
[2, 7, 8]
[1, 9, 2]
[4, 2, 13]
[5, 1, 12]
[0, 5, 1]
[14, 2, 11]
[7, 12, 3]
[6, 14, 2]
[12, 0, 4]
[2, 11, 6]
[8, 13, 4]
[6, 10, 14]
[7, 5, 13]
[11, 12, 9]
[10, 14, 4]
[6, 9, 1]
[8, 3, 5]
[12, 1, 10]
[9, 5, 8]
[0, 1, 7]
[4, 9, 5]
[9, 11, 12]
[7, 9, 4]
[2, 5, 1]
[1, 7, 8]
[7, 6, 1]
[0, 7, 3]
[13, 3, 2]
