P1,P2,...,Pn
[4, 14]
[10, 3]
[13, 0]
[2, 8]
[7, 13]
[14, 13]
[3, 2]
[1, 3]
[12, 1]
[2, 12]
[5, 0]
[8, 4]
[1, 12]
[13, 0]
[6, 12]
[12, 2]
[7, 13]
[9, 10]
[10, 1]
[8, 6]
[7, 2]
[2, 8]
[1, 7]
[3, 6]
[2, 10]
[2, 11]
[6, 2]
[0, 1]
[3, 0]
[4, 11]
[0, 4]
[5, 13]
[7, 5]
[6, 9]
[0, 12]
[9, 12]
[8, 6]
[6, 2]
[8, 4]
[6, 10]
[11, 8]
[4, 5]
[10, 11]
[2, 12]
[4, 13]
[0, 12]
[5, 11]
[7, 13]
[6, 14]
[14, 13]
[0, 13]
[5, 4]
[12, 4]
[14, 2]
[8, 0]
[8, 4]
[7, 10]
[6, 4]
[9, 13]
[0, 10]
[2, 8]
[1, 4]
[3, 6]
[6, 10]
[8, 10]
[12, 7]
[6, 11]
[12, 1]
[5, 9]
[10, 6]
[8, 0]
[11, 5]
[4, 7]
[7, 8]
[4, 8]
[9, 10]
[10, 3]
[5, 11]
[1, 0]
[10, 9]
[2, 12]
[14, 7]
[0, 5]
[5, 1]
[12, 8]
[14, 0]
[5, 11]
[14, 11]
[13, 5]
[8, 6]
[0, 4]
[0, 12]
[9, 6]
[1, 0]
[0, 4]
[12, 1]
[9, 11]
[14, 3]
[11, 0]
[4, 6]
[14, 9]
[13, 1]
[4, 3]
[12, 10]
[4, 3]
[5, 4]
[6, 4]
[11, 14]
[2, 7]
[6, 9]
[8, 5]
[12, 9]
[9, 10]
[10, 12]
[10, 3]
[0, 5]
[12, 2]
[0, 3]
[4, 2]
[0, 11]
[3, 5]
[13, 5]
[9, 10]
[1, 7]
[5, 14]
[13, 12]
[13, 6]
[12, 1]
[6, 12]
[10, 7]
[11, 4]
[5, 1]
[14, 0]
[7, 12]
[7, 5]
[1, 6]
[9, 12]
[11, 14]
[1, 3]
[7, 8]
[5, 11]
[4, 13]
[1, 12]
[12, 1]
[11, 4]
[5, 11]
[2, 8]
[1, 14]
[2, 10]
[10, 3]
[14, 11]
[0, 5]
[3, 2]
[11, 4]
[1, 10]
[8, 6]
[13, 1]
[13, 10]
[5, 14]
[3, 6]
[8, 0]
[8, 7]
[14, 13]
[3, 0]
[12, 3]
[1, 12]
[13, 9]
[11, 6]
[0, 1]
[8, 12]
[5, 3]
[14, 0]
