P1,P2,...,Pn
[12]
[6]
[6]
[10]
[0]
[1]
[13]
[14]
[0]
[7]
[14]
[6]
[4]
[7]
[12]
[5]
[4]
[7]
[8]
[10]
[3]
[10]
[14]
[6]
[14]
[2]
[14]
[0]
[0]
[3]
[12]
[4]
[12]
[9]
[10]
[4]
[9]
[7]
[13]
[7]
[7]
[2]
[14]
[4]
[1]
[13]
[0]
[5]
[1]
[0]
[0]
[0]
[6]
[12]
[14]
[11]
[1]
[7]
[11]
[10]
[5]
[8]
[11]
[7]
[6]
[4]
[10]
[4]
[0]
[12]
[8]
[12]
[11]
[1]
[13]
[14]
[11]
[2]
[11]
[6]
[11]
[5]
[14]
[12]
[14]
[11]
[12]
[12]
[11]
[14]
[8]
[6]
[0]
[3]
[3]
[8]
[10]
[7]
[13]
[8]
[11]
[13]
[0]
[0]
[4]
[6]
[10]
[0]
[1]
[1]
[0]
[11]
[2]
[8]
[12]
[11]
[1]
[14]
[13]
[4]
[4]
[11]
[11]
[2]
[4]
[1]
[10]
