P1,P2,...,Pn
[2, 13]
[5, 0]
[5, 1]
[0, 6]
[8, 5]
[2, 13]
[13, 7]
[9, 12]
[12, 0]
[0, 12]
[9, 2]
[6, 7]
[11, 3]
[13, 10]
[5, 10]
[10, 7]
[6, 0]
[9, 2]
[5, 4]
[14, 4]
[4, 6]
[1, 7]
[7, 14]
[9, 6]
[9, 10]
[13, 8]
[14, 1]
[8, 13]
[12, 5]
[11, 10]
[12, 9]
[4, 9]
[7, 3]
[3, 8]
[14, 5]
[5, 4]
[10, 13]
[4, 13]
[8, 2]
[5, 10]
[12, 0]
[5, 11]
[0, 14]
[14, 4]
[10, 7]
[4, 12]
[10, 7]
[4, 9]
[14, 3]
[8, 11]
[3, 1]
[4, 7]
[4, 3]
[10, 7]
[1, 6]
[9, 4]
[5, 14]
[1, 5]
[14, 8]
[4, 13]
[11, 9]
[14, 2]
[0, 5]
[14, 9]
[11, 1]
[3, 9]
[1, 3]
[5, 6]
[2, 3]
[8, 2]
[10, 13]
[6, 2]
[0, 12]
[11, 1]
[1, 8]
[12, 6]
[1, 5]
[10, 12]
[13, 6]
[6, 4]
[3, 1]
[5, 14]
[0, 2]
[8, 12]
[3, 14]
[2, 1]
[3, 10]
[14, 4]
[13, 0]
[5, 11]
[14, 11]
[9, 0]
[6, 9]
[0, 1]
[10, 12]
[7, 6]
[7, 14]
[3, 10]
[5, 11]
[10, 5]
[7, 4]
[14, 13]
[8, 7]
[8, 12]
[6, 14]
[8, 9]
[9, 5]
[8, 3]
[0, 4]
[3, 5]
[7, 6]
[5, 1]
[12, 5]
[11, 3]
[6, 1]
[5, 1]
[9, 4]
[4, 13]
[3, 14]
[7, 1]
[5, 12]
[7, 0]
[12, 3]
[3, 2]
[2, 11]
[14, 1]
[6, 2]
[10, 8]
[5, 6]
[6, 12]
[6, 2]
[12, 8]
[6, 14]
[11, 0]
[4, 14]
[6, 1]
[6, 3]
[12, 1]
[10, 12]
[7, 4]
[1, 3]
[12, 4]
