P1,P2,...,Pn
[11, 13, 12]
[8, 1, 6]
[11, 0, 14]
[3, 12, 1]
[4, 7, 13]
[3, 14, 8]
[1, 5, 12]
[2, 13, 7]
[7, 13, 12]
[8, 10, 14]
[1, 3, 2]
[2, 7, 13]
[1, 8, 12]
[11, 6, 13]
[4, 5, 1]
[9, 8, 14]
[5, 11, 6]
[5, 11, 10]
[11, 1, 14]
[8, 11, 14]
[6, 12, 11]
[3, 7, 4]
[11, 4, 0]
[0, 8, 7]
[14, 13, 0]
[11, 9, 8]
[9, 12, 7]
[10, 12, 2]
[3, 0, 1]
[8, 5, 7]
[9, 2, 7]
[3, 5, 4]
[12, 8, 3]
[5, 14, 11]
[2, 6, 3]
[14, 5, 11]
[11, 5, 7]
[3, 9, 2]
[8, 0, 12]
[7, 10, 11]
[12, 7, 9]
[0, 1, 3]
[3, 1, 2]
[13, 11, 1]
[11, 5, 2]
[10, 8, 4]
[6, 11, 2]
[2, 6, 8]
[5, 10, 6]
[13, 14, 3]
[4, 11, 5]
[14, 3, 10]
[10, 4, 0]
[0, 2, 4]
[11, 5, 4]
[7, 6, 1]
[3, 5, 4]
[14, 10, 0]
[4, 14, 9]
[2, 4, 11]
[5, 4, 14]
[7, 11, 5]
[14, 1, 6]
[1, 12, 14]
[3, 12, 8]
[0, 10, 13]
[3, 5, 1]
[8, 6, 11]
[13, 4, 5]
[4, 5, 8]
[1, 5, 12]
[14, 5, 6]
[0, 2, 3]
[13, 4, 2]
[2, 0, 3]
[6, 10, 12]
[3, 6, 2]
[12, 5, 11]
[10, 12, 7]
[7, 14, 8]
[10, 4, 7]
[11, 1, 5]
[10, 13, 3]
[13, 10, 0]
[3, 9, 7]
[4, 0, 13]
[13, 3, 4]
[3, 9, 13]
[0, 6, 5]
