P1,P2,...,Pn
[2, 8]
[5, 13]
[12, 14]
[8, 3]
[11, 14]
[2, 11]
[1, 2]
[4, 1]
[1, 14]
[6, 8]
[5, 1]
[13, 11]
[13, 11]
[12, 14]
[14, 12]
[9, 4]
[5, 8]
[3, 11]
[14, 3]
[0, 6]
[14, 6]
[0, 13]
[1, 11]
[8, 5]
[12, 11]
[14, 4]
[12, 0]
[13, 11]
[13, 1]
[9, 3]
[11, 10]
[9, 4]
[10, 11]
[1, 10]
[9, 10]
[11, 9]
[14, 1]
[3, 4]
[2, 9]
[13, 5]
[11, 4]
[0, 12]
[8, 13]
[0, 11]
[8, 9]
[13, 4]
[12, 6]
[12, 2]
[0, 14]
[12, 5]
[5, 13]
[11, 10]
[5, 1]
[11, 8]
[0, 5]
[14, 3]
[12, 4]
[7, 3]
[9, 12]
[7, 8]
[10, 6]
[1, 11]
[11, 2]
[3, 7]
[9, 11]
[5, 6]
[5, 3]
[14, 9]
[8, 10]
[13, 7]
[14, 2]
[3, 8]
[2, 10]
[14, 3]
[9, 0]
[4, 6]
[5, 14]
[11, 2]
[11, 1]
[5, 9]
[5, 14]
[4, 14]
[13, 1]
[8, 12]
[8, 11]
[4, 5]
[8, 11]
