P1,P2,...,Pn
[5, 2]
[1, 14]
[0, 2]
[5, 14]
[2, 0]
[5, 7]
[0, 7]
[6, 2]
[2, 5]
[13, 4]
[13, 14]
[9, 3]
[6, 4]
[11, 4]
[6, 12]
[3, 0]
[14, 5]
[6, 7]
[5, 8]
[9, 3]
[6, 0]
[10, 5]
[4, 8]
[5, 13]
[11, 3]
[6, 3]
[13, 14]
[11, 6]
[4, 1]
[3, 12]
[12, 9]
[5, 2]
[13, 4]
[9, 3]
[9, 13]
[13, 8]
[11, 13]
[4, 14]
[11, 3]
[13, 8]
[8, 10]
[12, 13]
[6, 12]
[7, 10]
[3, 4]
[7, 0]
[9, 7]
[14, 6]
[3, 13]
[5, 10]
[14, 3]
[9, 0]
[3, 1]
[2, 11]
[7, 2]
[12, 8]
[9, 8]
[5, 4]
[9, 7]
[8, 3]
[8, 2]
[9, 5]
[12, 13]
[8, 3]
[10, 4]
[11, 1]
[10, 1]
[4, 8]
[10, 1]
[13, 4]
[9, 4]
[9, 11]
[3, 9]
[10, 5]
[8, 0]
[13, 2]
[10, 0]
[3, 1]
[6, 13]
[4, 14]
[12, 7]
[0, 2]
[6, 5]
[2, 11]
[8, 0]
[11, 3]
[10, 0]
[7, 10]
[1, 0]
[13, 9]
[8, 10]
[8, 1]
[13, 5]
[0, 10]
[13, 7]
[7, 8]
[2, 6]
[10, 7]
[14, 1]
[10, 2]
[10, 4]
[8, 6]
[7, 5]
[7, 3]
[12, 0]
[3, 10]
[1, 14]
[5, 14]
[8, 4]
[7, 5]
[12, 8]
[4, 13]
[2, 13]
[7, 1]
[7, 12]
[1, 11]
[5, 13]
[5, 9]
[14, 8]
[1, 4]
[1, 8]
[2, 6]
[0, 10]
[8, 5]
[3, 8]
[5, 12]
[8, 2]
[10, 4]
[9, 3]
[0, 14]
[11, 0]
[12, 10]
[11, 1]
[12, 8]
[12, 9]
[3, 1]
[7, 9]
[4, 6]
[14, 8]
[8, 3]
[3, 7]
[6, 1]
[7, 13]
[6, 3]
[9, 7]
[7, 9]
[10, 6]
[4, 5]
[13, 0]
[14, 5]
[0, 1]
[10, 2]
[6, 9]
[2, 4]
[5, 13]
[4, 8]
[4, 12]
[13, 0]
[13, 6]
[11, 5]
[5, 1]
[13, 1]
[5, 6]
[4, 5]
[9, 12]
[0, 13]
[0, 9]
[0, 1]
[6, 4]
[5, 1]
[13, 8]
[11, 14]
[13, 4]
[5, 10]
[6, 7]
[14, 11]
[5, 7]
[7, 4]
[5, 10]
[8, 6]
[5, 14]
[6, 13]
[1, 8]
[5, 3]
[13, 14]
[3, 13]
[4, 7]
[6, 14]
[4, 8]
[14, 2]
[8, 6]
[1, 10]
[14, 12]
[8, 12]
[6, 8]
[10, 6]
[6, 13]
[3, 1]
[2, 5]
[11, 0]
[2, 0]
[1, 11]
[12, 9]
[9, 6]
[7, 5]
[0, 7]
[3, 13]
[4, 8]
[12, 8]
[12, 14]
[8, 7]
[12, 6]
[6, 2]
[1, 14]
[6, 14]
[4, 12]
[12, 6]
[9, 0]
[13, 6]
[1, 10]
[10, 8]
[2, 3]
[3, 9]
[10, 3]
[4, 3]
[13, 6]
[9, 7]
[10, 3]
[3, 7]
[10, 13]
[0, 11]
[5, 7]
[1, 3]
[9, 13]
[5, 10]
[14, 8]
[3, 7]
[11, 13]
[5, 14]
[8, 10]
[13, 0]
[8, 0]
[8, 1]
[5, 8]
[12, 3]
[0, 5]
[2, 9]
[7, 4]
[7, 3]
[12, 1]
[1, 10]
[2, 7]
[9, 3]
[1, 8]
[3, 0]
[9, 6]
[8, 12]
[6, 9]
