P1,P2,...,Pn
[14, 6, 3]
[5, 8, 0]
[9, 8, 13]
[13, 6, 1]
[12, 2, 0]
[7, 10, 5]
[0, 6, 8]
[14, 2, 4]
[10, 7, 6]
[5, 9, 11]
[1, 10, 8]
[3, 10, 11]
[10, 2, 5]
[5, 14, 12]
[1, 5, 4]
[9, 12, 4]
[4, 9, 8]
[0, 2, 4]
[14, 10, 2]
[5, 7, 0]
[6, 12, 9]
[3, 12, 4]
[2, 14, 1]
[5, 6, 9]
[5, 14, 0]
[13, 1, 6]
[10, 3, 14]
[6, 8, 0]
[9, 12, 2]
[2, 13, 14]
[2, 9, 0]
[9, 5, 14]
[1, 8, 7]
[8, 14, 5]
[5, 1, 10]
[10, 7, 8]
[5, 7, 11]
[7, 2, 9]
[13, 14, 0]
[5, 12, 8]
[5, 9, 2]
[8, 12, 14]
[6, 9, 0]
[1, 7, 5]
[9, 0, 6]
[4, 3, 12]
[13, 9, 1]
[7, 11, 9]
[0, 14, 9]
[8, 3, 6]
[5, 7, 8]
[10, 0, 4]
