P1,P2,...,Pn
[4, 2, 10]
[1, 0, 2]
[11, 3, 9]
[0, 13, 1]
[7, 5, 1]
[9, 11, 12]
[8, 5, 10]
[1, 7, 5]
[7, 8, 12]
[5, 4, 10]
[0, 13, 2]
[14, 2, 10]
[14, 8, 6]
[10, 4, 11]
[4, 11, 7]
[12, 2, 4]
[6, 12, 4]
[4, 5, 9]
[8, 10, 9]
[5, 14, 10]
[9, 11, 8]
[7, 0, 13]
[9, 12, 4]
[8, 2, 4]
[14, 13, 1]
[12, 5, 14]
[7, 2, 8]
[9, 7, 1]
[1, 3, 9]
[11, 8, 10]
[8, 12, 6]
[7, 8, 10]
[13, 14, 6]
[7, 6, 4]
[7, 10, 5]
[1, 0, 2]
[14, 3, 7]
[3, 13, 0]
[10, 14, 11]
[1, 14, 13]
[0, 2, 1]
[9, 14, 1]
[1, 2, 6]
[12, 6, 4]
[2, 10, 9]
[11, 7, 5]
[13, 8, 6]
[1, 3, 0]
[0, 14, 6]
[5, 4, 9]
[8, 3, 11]
[2, 8, 0]
[5, 0, 2]
[4, 3, 8]
[11, 14, 2]
[12, 4, 11]
[2, 0, 12]
[14, 1, 13]
[3, 7, 9]
[6, 7, 12]
[3, 8, 7]
[0, 7, 14]
[10, 14, 9]
[12, 13, 8]
[4, 1, 12]
[7, 6, 10]
[3, 13, 11]
[6, 0, 14]
[8, 11, 12]
[0, 13, 8]
[7, 12, 6]
[0, 11, 7]
[8, 7, 5]
[11, 13, 5]
[10, 8, 1]
[1, 3, 14]
[4, 0, 2]
[7, 9, 2]
[12, 7, 1]
[2, 13, 8]
[6, 7, 5]
[6, 7, 12]
[6, 5, 4]
[0, 6, 4]
[4, 1, 13]
[9, 3, 7]
[12, 10, 13]
[9, 1, 5]
[11, 0, 9]
[2, 14, 11]
[14, 10, 0]
[4, 6, 0]
[4, 9, 0]
[8, 6, 10]
[10, 1, 5]
[9, 4, 13]
[7, 2, 9]
[11, 6, 3]
[0, 8, 9]
[3, 9, 6]
[5, 0, 1]
[11, 5, 8]
[1, 10, 9]
[7, 8, 5]
[14, 0, 13]
[5, 6, 3]
[3, 7, 10]
[13, 9, 0]
[14, 3, 9]
[13, 6, 10]
[13, 3, 5]
[6, 0, 9]
[6, 11, 5]
[6, 12, 5]
[4, 9, 12]
[3, 4, 10]
[2, 11, 10]
[13, 12, 4]
[1, 4, 7]
[4, 12, 8]
[6, 14, 12]
[9, 8, 2]
[2, 14, 1]
[4, 2, 10]
[9, 5, 3]
[3, 12, 6]
[1, 8, 13]
[6, 11, 14]
[0, 14, 13]
[3, 0, 2]
[10, 4, 8]
[1, 0, 12]
[11, 13, 0]
[2, 14, 6]
[6, 14, 0]
[8, 6, 0]
[13, 12, 6]
[7, 12, 3]
[3, 5, 7]
[12, 8, 5]
[6, 7, 3]
[5, 10, 7]
[10, 5, 12]
[5, 6, 13]
[9, 6, 14]
[12, 8, 9]
[5, 11, 10]
[8, 9, 1]
[3, 2, 1]
[13, 0, 3]
[7, 6, 8]
[10, 8, 14]
[9, 1, 10]
[0, 12, 14]
[9, 11, 6]
[0, 13, 4]
[14, 12, 7]
[0, 11, 8]
[12, 6, 7]
[6, 5, 1]
[11, 6, 5]
[5, 9, 1]
[13, 4, 6]
[14, 7, 10]
[11, 3, 13]
[11, 13, 12]
[1, 9, 7]
[3, 2, 9]
[11, 14, 3]
[1, 11, 4]
[6, 13, 10]
[14, 0, 7]
[11, 14, 5]
[3, 11, 10]
[9, 7, 10]
[13, 7, 14]
[7, 8, 4]
[8, 3, 4]
[0, 3, 2]
[5, 1, 14]
[9, 0, 10]
[9, 11, 7]
[6, 5, 12]
[3, 9, 2]
[0, 6, 13]
[6, 9, 10]
[13, 1, 0]
[0, 4, 14]
[4, 6, 1]
[3, 1, 10]
[0, 1, 4]
[6, 9, 2]
[13, 3, 5]
[12, 11, 1]
[4, 5, 7]
[6, 8, 1]
[2, 12, 10]
[14, 3, 1]
[9, 3, 8]
[12, 6, 4]
[13, 4, 6]
[8, 6, 0]
[4, 1, 14]
[10, 13, 0]
[2, 1, 13]
[4, 0, 9]
[9, 4, 1]
[10, 3, 8]
[3, 10, 5]
[9, 14, 0]
[10, 6, 5]
[12, 2, 4]
[2, 6, 7]
[5, 4, 6]
[7, 6, 4]
[12, 1, 5]
[14, 5, 3]
[9, 6, 5]
[8, 3, 2]
[8, 2, 14]
[10, 13, 7]
[12, 1, 4]
[4, 6, 12]
[7, 9, 13]
[2, 1, 8]
[2, 4, 10]
[4, 11, 3]
[14, 1, 12]
[11, 2, 5]
[6, 10, 13]
[7, 8, 0]
[12, 2, 10]
[13, 3, 4]
[0, 4, 5]
[9, 1, 8]
[8, 2, 14]
[8, 12, 6]
[12, 8, 4]
[1, 5, 6]
[11, 3, 5]
[7, 9, 5]
