P1,P2,...,Pn
[10, 6, 0]
[11, 13, 3]
[0, 4, 6]
[9, 11, 10]
[9, 10, 14]
[12, 4, 9]
[13, 14, 4]
[11, 5, 13]
[7, 11, 12]
[1, 3, 14]
[7, 2, 0]
[8, 2, 14]
[4, 8, 2]
[6, 4, 13]
[3, 0, 1]
[1, 14, 3]
[9, 10, 4]
[1, 10, 2]
[7, 12, 14]
[8, 7, 1]
[3, 12, 13]
[9, 13, 0]
[13, 11, 0]
[3, 13, 8]
[4, 3, 9]
[14, 3, 10]
[3, 5, 8]
[4, 2, 14]
[10, 7, 1]
[9, 6, 4]
[0, 5, 4]
[4, 10, 7]
[5, 11, 2]
[10, 5, 6]
[11, 9, 10]
[0, 1, 6]
[11, 14, 12]
[10, 4, 3]
[4, 7, 3]
[6, 10, 4]
[2, 0, 13]
[4, 10, 0]
[11, 13, 8]
[9, 2, 0]
[4, 6, 10]
[3, 7, 13]
[1, 7, 10]
[8, 10, 11]
[13, 1, 6]
[0, 13, 4]
[12, 11, 8]
[4, 9, 0]
[8, 10, 12]
[6, 10, 13]
[13, 3, 4]
[10, 5, 11]
[9, 5, 8]
[3, 7, 6]
[7, 0, 9]
[4, 1, 0]
[6, 10, 7]
[5, 2, 8]
[10, 4, 13]
[9, 3, 4]
[3, 4, 7]
[14, 12, 7]
[13, 0, 7]
[9, 4, 13]
[8, 0, 14]
[14, 12, 3]
[2, 14, 9]
[8, 11, 13]
[8, 11, 5]
[12, 7, 1]
[13, 0, 7]
[11, 14, 10]
[8, 0, 1]
[8, 2, 14]
[11, 3, 9]
[9, 11, 6]
[8, 5, 10]
[0, 10, 3]
[13, 0, 3]
[2, 3, 14]
[10, 14, 8]
[13, 11, 10]
[14, 4, 0]
[8, 2, 11]
[14, 1, 9]
[11, 12, 13]
[11, 14, 10]
[8, 7, 4]
[10, 5, 4]
[1, 9, 5]
[3, 8, 6]
[0, 2, 9]
[2, 1, 5]
[7, 11, 0]
[2, 5, 0]
[13, 4, 14]
[14, 8, 2]
[5, 7, 10]
[4, 13, 10]
[13, 11, 7]
[7, 3, 8]
[12, 1, 6]
[0, 14, 1]
[1, 3, 10]
[6, 14, 7]
[3, 8, 11]
[14, 5, 9]
[9, 8, 0]
[8, 0, 10]
[2, 7, 5]
[13, 1, 10]
[1, 4, 0]
[0, 2, 13]
[13, 14, 9]
[2, 6, 0]
[1, 6, 3]
[13, 2, 6]
[6, 11, 4]
[13, 14, 11]
[4, 8, 0]
[7, 2, 12]
[7, 13, 11]
[12, 4, 2]
[0, 1, 11]
[9, 2, 3]
[0, 9, 8]
[4, 11, 14]
[0, 5, 9]
[3, 5, 2]
[8, 14, 13]
[8, 4, 13]
[5, 13, 12]
[9, 13, 1]
[8, 5, 7]
[9, 4, 12]
[3, 0, 11]
[10, 0, 4]
[13, 9, 3]
[8, 12, 4]
[3, 8, 1]
[2, 4, 13]
[9, 7, 4]
[10, 14, 1]
[0, 2, 9]
[9, 12, 8]
[4, 3, 13]
[13, 14, 3]
[1, 11, 9]
[9, 11, 0]
[7, 1, 9]
[5, 9, 4]
[9, 0, 13]
[13, 7, 11]
[12, 5, 0]
[0, 10, 8]
[2, 9, 6]
[2, 11, 5]
[5, 12, 13]
[8, 7, 0]
[10, 8, 4]
[1, 2, 6]
[12, 9, 5]
[10, 4, 6]
[10, 2, 6]
[3, 11, 14]
[13, 2, 12]
[11, 14, 4]
[2, 11, 9]
[13, 6, 5]
[4, 10, 2]
[8, 12, 7]
[9, 11, 12]
[13, 5, 8]
[12, 11, 14]
[7, 3, 9]
[0, 4, 5]
[8, 0, 2]
[10, 8, 12]
[12, 13, 10]
[7, 5, 4]
[12, 7, 14]
[4, 1, 0]
[1, 0, 11]
[4, 7, 13]
[14, 12, 9]
[10, 6, 13]
[11, 6, 14]
[4, 7, 9]
[14, 3, 5]
[10, 5, 13]
[14, 6, 5]
[14, 2, 12]
[10, 1, 11]
[3, 4, 1]
[11, 12, 2]
[12, 10, 14]
[11, 2, 14]
[14, 11, 8]
[3, 12, 14]
[4, 14, 0]
[3, 14, 4]
[8, 12, 1]
[4, 7, 9]
[8, 10, 2]
[7, 11, 1]
[5, 1, 13]
[9, 0, 1]
[8, 9, 7]
[0, 13, 5]
[5, 13, 6]
[11, 6, 10]
[2, 11, 0]
[5, 3, 7]
[14, 1, 10]
[8, 6, 0]
[9, 10, 5]
[10, 6, 11]
[2, 7, 3]
[12, 4, 7]
[2, 4, 6]
[10, 1, 3]
[3, 5, 6]
[8, 4, 14]
[0, 13, 8]
[7, 9, 12]
[11, 10, 3]
[9, 7, 3]
[14, 4, 10]
[4, 13, 14]
[4, 12, 10]
[10, 4, 6]
[5, 10, 8]
[9, 11, 4]
[2, 6, 8]
[9, 11, 8]
