P1,P2,...,Pn
[2]
[2]
[5]
[11]
[3]
[3]
[4]
[5]
[4]
[10]
[12]
[1]
[6]
[6]
[2]
[2]
[14]
[5]
[5]
[1]
[9]
[1]
[7]
[0]
[1]
[4]
[7]
[7]
[14]
[11]
[6]
[2]
[7]
[12]
[11]
[8]
[3]
[3]
[7]
[1]
[10]
[13]
[4]
[9]
[0]
[2]
[11]
[6]
[2]
[3]
[4]
[13]
[8]
[13]
[12]
[13]
[4]
[3]
[8]
[5]
[9]
[10]
[9]
[14]
[0]
[6]
[2]
[10]
[2]
[12]
[8]
[12]
[7]
[14]
[14]
[1]
[6]
[5]
[6]
[6]
[11]
[0]
[12]
[8]
[11]
[8]
[4]
[10]
[8]
[3]
[8]
[2]
[12]
[2]
[2]
[7]
[3]
[14]
[12]
[6]
[6]
[6]
[10]
[8]
[1]
[8]
[6]
[13]
[3]
[7]
[3]
[11]
[13]
[5]
[13]
[7]
[1]
[7]
[11]
[8]
[12]
[1]
[3]
[6]
[4]
[3]
[3]
[2]
[11]
[7]
[2]
[12]
[1]
[12]
[5]
[14]
[7]
[6]
[8]
[3]
[7]
[3]
[8]
[5]
[3]
[10]
[10]
[0]
[6]
[2]
[7]
[0]
[6]
[10]
[2]
[1]
[9]
[13]
[10]
[4]
[6]
[9]
[8]
[11]
[3]
[1]
[4]
[0]
[0]
[1]
[2]
[5]
[9]
[11]
[0]
[7]
[13]
[4]
[13]
[0]
[7]
[2]
[14]
[3]
[2]
[14]
[8]
[10]
[0]
[8]
[7]
[2]
[8]
[9]
[14]
[8]
[5]
[6]
[3]
[10]
[10]
[7]
[1]
[10]
[13]
[3]
[11]
[8]
[1]
[1]
[2]
[1]
[4]
[5]
[13]
[1]
[9]
[3]
[4]
[4]
[2]
[11]
[12]
[3]
[2]
[12]
[14]
[5]
[7]
[3]
[0]
[11]
[8]
