P1,P2,...,Pn
[4]
[11]
[8]
[5]
[5]
[0]
[3]
[3]
[13]
[5]
[3]
[4]
[7]
[7]
[7]
[7]
[0]
[6]
[10]
[6]
[7]
[1]
[6]
[9]
[6]
[1]
[9]
[11]
[4]
[5]
[2]
[2]
[12]
[8]
[11]
[11]
[3]
[4]
[7]
[3]
[1]
[11]
[2]
[1]
[10]
[4]
[5]
[3]
[5]
[13]
[10]
[7]
[14]
[11]
[14]
[6]
[4]
[11]
[5]
[12]
[14]
[4]
[9]
[9]
[4]
[12]
[7]
[1]
[13]
[5]
[10]
[10]
[5]
[2]
[12]
[12]
[11]
[4]
[11]
[5]
[2]
[5]
[12]
[7]
[2]
[3]
[2]
[8]
[14]
[4]
[14]
[5]
[1]
[6]
[3]
[8]
[8]
[9]
[5]
[12]
[6]
[9]
[11]
[1]
[12]
[12]
[0]
[3]
[7]
[8]
[7]
[10]
[11]
[5]
[7]
[2]
[0]
[13]
[10]
[10]
[12]
[13]
[13]
[8]
[3]
[11]
[13]
[3]
[13]
[7]
[5]
[7]
[2]
[0]
[3]
[5]
[2]
[5]
[6]
[5]
[10]
[7]
