P1,P2,...,Pn
[0]
[0]
[9]
[7]
[4]
[3]
[12]
[11]
[1]
[10]
[11]
[5]
[6]
[9]
[5]
[11]
[0]
[13]
[13]
[10]
[6]
[14]
[14]
[14]
[13]
[1]
[7]
[8]
[6]
[2]
[12]
[1]
[0]
[8]
[3]
[14]
[1]
[4]
[6]
[11]
[7]
[7]
[8]
[10]
[4]
[5]
[9]
[14]
[11]
[14]
[13]
[7]
[9]
[0]
[1]
[0]
[5]
[14]
[4]
[9]
[13]
[3]
[10]
[7]
[7]
[10]
[8]
[5]
[0]
[1]
[10]
[12]
[1]
[9]
[0]
[2]
[5]
[13]
[7]
[7]
[7]
[11]
[7]
[8]
[10]
[0]
[0]
[12]
[12]
[0]
[4]
[8]
[9]
[9]
[4]
[4]
[10]
[2]
[2]
[5]
[8]
[12]
[12]
[2]
[5]
[10]
[1]
[7]
[10]
[13]
[4]
[10]
[14]
[10]
[5]
[14]
[10]
[7]
[11]
[14]
[12]
[10]
[10]
[3]
[12]
[8]
[8]
[14]
[2]
[2]
[2]
[12]
[1]
[7]
[7]
[1]
[11]
[4]
[13]
[4]
[8]
[11]
[14]
[8]
[0]
[5]
[10]
[7]
[14]
[10]
[5]
[3]
[14]
[12]
[14]
[11]
[7]
[1]
[2]
[3]
[11]
[0]
[8]
[2]
[3]
[10]
[10]
[11]
[3]
[8]
[2]
[12]
[2]
[7]
[1]
[11]
