P1,P2,...,Pn
[9]
[6]
[9]
[8]
[13]
[8]
[2]
[8]
[10]
[14]
[10]
[10]
[9]
[7]
[12]
[4]
[8]
[9]
[2]
[13]
[11]
[14]
[10]
[11]
[0]
[9]
[8]
[10]
[13]
[8]
[7]
[2]
[5]
[8]
[12]
[3]
[4]
[5]
[4]
[11]
[8]
[11]
[3]
[13]
[7]
[2]
[3]
[8]
[13]
[7]
[1]
[6]
[12]
[7]
[4]
[10]
[14]
[3]
[13]
[3]
[12]
[5]
[13]
[3]
[5]
[0]
[13]
[13]
[8]
[8]
[7]
[11]
[4]
[1]
[1]
[7]
[13]
[5]
[3]
[3]
[4]
[14]
[10]
[14]
[12]
[12]
[10]
[3]
[2]
[10]
[3]
[0]
[10]
[1]
[0]
[4]
[0]
[14]
[13]
[11]
[2]
[9]
[8]
[12]
[6]
[2]
[12]
[4]
[14]
[0]
[8]
[5]
[11]
[10]
[2]
[6]
[9]
[13]
[9]
[8]
[10]
[8]
[7]
[0]
[3]
[0]
[9]
[13]
[3]
[1]
[4]
[11]
[12]
[10]
[6]
[14]
[6]
[13]
[9]
[12]
[9]
[7]
[3]
[2]
[0]
[13]
[10]
[3]
[7]
[3]
[13]
[0]
[2]
[2]
[11]
[2]
[1]
[10]
[8]
[13]
[2]
[5]
[9]
[7]
