P1,P2,...,Pn
[0]
[1]
[9]
[14]
[5]
[5]
[5]
[5]
[1]
[7]
[11]
[8]
[6]
[8]
[10]
[13]
[12]
[6]
[10]
[11]
[13]
[3]
[7]
[12]
[0]
[13]
[9]
[4]
[5]
[2]
[7]
[10]
[14]
[10]
[3]
[8]
[13]
[8]
[13]
[7]
[11]
[12]
[11]
[10]
[3]
[11]
[9]
[0]
[8]
[11]
[5]
[12]
[10]
[1]
[8]
[0]
[8]
[11]
[8]
[6]
[4]
[1]
[5]
[1]
[13]
[0]
[3]
[8]
[14]
[1]
[14]
[8]
[8]
[7]
[0]
[8]
[14]
[8]
[8]
[3]
[3]
[5]
[12]
[1]
[9]
[13]
[8]
[8]
[4]
[8]
[0]
[1]
[13]
[5]
[9]
[0]
[13]
[6]
[3]
[4]
[9]
[6]
[14]
[12]
[7]
[8]
[1]
[3]
[14]
[10]
[7]
[5]
[3]
[10]
[14]
[8]
[4]
[6]
[9]
[3]
[1]
[12]
[12]
[4]
[3]
[1]
[8]
[13]
[3]
[8]
[8]
[10]
[1]
[5]
[12]
[10]
[14]
[6]
[14]
[7]
[12]
[0]
[7]
[13]
[7]
[13]
[0]
[9]
[7]
[4]
[13]
[0]
[7]
[6]
[8]
[4]
[12]
[12]
[4]
[13]
[1]
[4]
[13]
[10]
[1]
[5]
[14]
[3]
[12]
[0]
