P1,P2,...,Pn
[14]
[7]
[10]
[14]
[3]
[1]
[2]
[6]
[7]
[14]
[6]
[9]
[1]
[13]
[11]
[10]
[13]
[2]
[12]
[8]
[3]
[1]
[13]
[12]
[7]
[8]
[2]
[8]
[8]
[13]
[3]
[13]
[8]
[0]
[4]
[1]
[4]
[8]
[9]
[5]
[14]
[11]
[3]
[12]
[3]
[10]
[5]
[8]
[10]
[14]
[13]
[9]
[10]
[13]
[7]
[10]
[0]
[4]
[14]
[7]
[5]
[6]
[5]
[3]
[9]
[5]
[14]
[14]
[4]
[4]
[6]
[3]
[1]
[11]
[3]
[13]
[12]
[2]
[9]
[3]
[1]
[0]
[4]
[4]
[0]
[12]
[6]
[10]
[0]
[13]
[9]
[6]
[3]
[4]
[10]
[6]
[11]
[9]
[2]
[0]
[0]
[8]
[3]
[6]
[7]
[5]
[0]
[10]
[4]
[0]
[13]
[4]
[8]
[0]
[8]
[10]
[7]
[14]
[8]
[14]
[13]
[13]
[10]
[7]
[4]
[4]
[13]
[11]
[11]
[1]
[12]
[9]
[11]
[7]
[10]
[11]
[8]
[9]
[5]
[13]
