P1,P2,...,Pn
[10, 14, 1]
[6, 13, 10]
[1, 9, 7]
[10, 6, 1]
[14, 12, 10]
[8, 6, 7]
[11, 8, 5]
[10, 11, 0]
[14, 10, 5]
[9, 13, 7]
[2, 14, 3]
[12, 5, 14]
[1, 8, 9]
[10, 9, 13]
[10, 14, 4]
[8, 0, 11]
[1, 6, 10]
[10, 0, 3]
[2, 8, 4]
[14, 12, 8]
[1, 0, 10]
[12, 13, 5]
[8, 10, 13]
[11, 0, 7]
[8, 10, 0]
[5, 11, 10]
[8, 6, 10]
[14, 11, 1]
[11, 7, 13]
[14, 7, 6]
[12, 6, 13]
[7, 12, 13]
[0, 5, 10]
[9, 13, 3]
[3, 7, 13]
[8, 5, 11]
[8, 6, 9]
[2, 4, 7]
[13, 2, 1]
[6, 8, 5]
[5, 0, 6]
[14, 9, 10]
[3, 11, 4]
[14, 4, 3]
[13, 5, 8]
[3, 6, 13]
[5, 6, 7]
[8, 14, 5]
[1, 2, 11]
[7, 13, 5]
[11, 5, 7]
[14, 6, 8]
[10, 13, 4]
[5, 7, 8]
[3, 13, 0]
[13, 9, 1]
[13, 9, 12]
[4, 12, 0]
[4, 12, 6]
[10, 8, 7]
[12, 1, 2]
[11, 1, 5]
[3, 14, 2]
[8, 11, 2]
[0, 1, 13]
[9, 5, 14]
[8, 1, 7]
[2, 0, 6]
[11, 1, 7]
[6, 11, 9]
[13, 6, 9]
[9, 7, 10]
[3, 2, 1]
[13, 4, 11]
[2, 13, 5]
[10, 2, 7]
[5, 0, 10]
[9, 8, 1]
[7, 2, 14]
[5, 2, 12]
[13, 8, 3]
[3, 2, 4]
[0, 13, 10]
[7, 12, 6]
[0, 3, 2]
[14, 2, 13]
[4, 5, 8]
[9, 10, 7]
[6, 1, 11]
[3, 2, 4]
[11, 4, 7]
[2, 9, 7]
[4, 1, 5]
[9, 13, 2]
[4, 10, 7]
[13, 11, 12]
[3, 0, 8]
[5, 2, 12]
[4, 10, 9]
[13, 9, 12]
[0, 11, 10]
[12, 5, 4]
[10, 5, 13]
[8, 4, 9]
[9, 1, 14]
[5, 6, 7]
[1, 4, 8]
[7, 8, 9]
[7, 5, 3]
[7, 2, 5]
[5, 13, 10]
[11, 6, 13]
[9, 14, 8]
[2, 11, 5]
[2, 9, 4]
[6, 1, 0]
[14, 2, 10]
[12, 14, 9]
[12, 7, 3]
[7, 4, 5]
[2, 5, 10]
[6, 13, 2]
[2, 13, 12]
[2, 0, 10]
[5, 3, 0]
[5, 10, 7]
[8, 10, 9]
[2, 8, 0]
[9, 13, 10]
[12, 6, 14]
[5, 6, 2]
[10, 14, 9]
[10, 2, 3]
[4, 0, 5]
[6, 7, 0]
[4, 0, 14]
[4, 3, 1]
[12, 6, 5]
[1, 3, 10]
[6, 8, 4]
[8, 11, 7]
[9, 2, 12]
[9, 7, 11]
[11, 7, 8]
[2, 1, 13]
[14, 4, 13]
[1, 5, 10]
[6, 9, 1]
[0, 10, 14]
[6, 7, 11]
[11, 14, 4]
[13, 8, 3]
[1, 2, 7]
[12, 3, 0]
[6, 3, 9]
[5, 9, 14]
[5, 6, 9]
[4, 3, 11]
[0, 11, 9]
[10, 4, 14]
[9, 12, 4]
[5, 9, 14]
[1, 7, 9]
[1, 11, 10]
[9, 1, 6]
[3, 12, 13]
[10, 9, 2]
[9, 13, 11]
[1, 14, 4]
[10, 7, 12]
[10, 3, 5]
[0, 5, 6]
[9, 14, 6]
[9, 10, 5]
[1, 3, 11]
[3, 12, 2]
[13, 6, 8]
[1, 5, 4]
[8, 13, 2]
[11, 8, 12]
[13, 7, 11]
[3, 8, 6]
[11, 1, 13]
[12, 11, 9]
[7, 9, 10]
[5, 9, 6]
[4, 1, 11]
[6, 4, 10]
[6, 2, 10]
[11, 5, 2]
[10, 3, 6]
[7, 8, 2]
[12, 7, 3]
[8, 12, 13]
[9, 14, 12]
[7, 2, 10]
[13, 0, 6]
[13, 8, 6]
[4, 2, 5]
[2, 8, 13]
[7, 3, 11]
[3, 12, 7]
[14, 6, 0]
[8, 6, 11]
[5, 12, 11]
[11, 13, 1]
[9, 6, 11]
[5, 7, 12]
[5, 13, 12]
[14, 12, 11]
[3, 11, 10]
[8, 12, 1]
[2, 0, 3]
[12, 7, 8]
[4, 0, 7]
[14, 4, 7]
[6, 7, 3]
[12, 9, 6]
[6, 11, 9]
[6, 7, 11]
[4, 3, 2]
[6, 11, 2]
[13, 4, 8]
[12, 9, 7]
[9, 2, 5]
[0, 14, 7]
[4, 3, 13]
[5, 2, 12]
[6, 7, 9]
[5, 7, 1]
[13, 3, 7]
[9, 10, 8]
[4, 3, 9]
[13, 7, 12]
[2, 5, 7]
[6, 4, 1]
[14, 7, 4]
[3, 13, 11]
[8, 14, 9]
[10, 2, 11]
[8, 0, 5]
[14, 6, 10]
[14, 3, 13]
[13, 4, 10]
[2, 12, 0]
[14, 10, 11]
[9, 6, 5]
[5, 13, 7]
[13, 2, 4]
[0, 8, 12]
[11, 4, 12]
[5, 1, 0]
[11, 13, 9]
[8, 11, 2]
[0, 3, 6]
[3, 11, 5]
[11, 3, 2]
[3, 8, 9]
[7, 9, 6]
[7, 8, 10]
[14, 7, 9]
[6, 4, 5]
[11, 1, 14]
[13, 7, 9]
[11, 4, 5]
[9, 2, 5]
[2, 8, 3]
[14, 13, 6]
[6, 7, 4]
[4, 5, 14]
[8, 4, 3]
[9, 6, 2]
[0, 5, 14]
[4, 3, 0]
[5, 7, 8]
[2, 12, 9]
[14, 13, 3]
[2, 7, 13]
[6, 13, 0]
[12, 7, 1]
[14, 5, 13]
[12, 14, 1]
[5, 7, 9]
