P1,P2,...,Pn
[6, 13, 10]
[2, 4, 5]
[7, 10, 6]
[14, 8, 13]
[1, 6, 3]
[14, 2, 3]
[13, 5, 0]
[0, 2, 12]
[13, 4, 10]
[3, 2, 4]
[4, 0, 11]
[6, 9, 1]
[4, 11, 1]
[11, 3, 6]
[8, 6, 12]
[2, 7, 0]
[7, 8, 4]
[0, 5, 7]
[11, 13, 4]
[10, 6, 13]
[2, 9, 3]
[12, 11, 3]
[12, 7, 0]
[14, 6, 11]
[4, 8, 1]
[1, 12, 10]
[3, 6, 5]
[8, 13, 10]
[4, 12, 9]
[9, 10, 11]
[3, 11, 12]
[10, 11, 1]
[1, 14, 13]
[2, 5, 6]
[7, 9, 5]
[10, 14, 7]
[7, 13, 14]
[13, 1, 3]
[4, 10, 7]
[10, 11, 14]
[12, 0, 6]
[13, 6, 9]
[4, 2, 9]
[1, 4, 6]
[12, 1, 5]
[10, 8, 5]
[14, 9, 4]
[1, 10, 2]
[14, 10, 11]
[3, 11, 4]
[0, 5, 1]
[5, 3, 6]
[5, 4, 11]
[14, 0, 1]
[12, 11, 8]
[12, 13, 9]
[1, 11, 14]
[7, 13, 6]
[0, 6, 12]
[0, 8, 11]
[4, 10, 8]
[6, 3, 5]
[7, 5, 0]
[0, 11, 2]
[8, 0, 2]
[6, 11, 5]
[12, 8, 5]
[1, 13, 4]
[14, 7, 1]
[3, 10, 14]
[7, 5, 4]
[8, 11, 2]
[9, 12, 4]
[11, 13, 7]
[13, 9, 1]
[9, 2, 1]
[1, 7, 0]
[10, 8, 2]
[14, 13, 7]
[1, 4, 9]
[4, 13, 1]
[9, 10, 11]
[6, 5, 12]
[11, 5, 13]
[14, 11, 13]
[9, 6, 10]
[11, 12, 14]
[9, 3, 7]
[9, 10, 14]
[9, 13, 6]
[9, 10, 0]
[4, 12, 9]
[9, 1, 11]
[2, 7, 13]
[7, 1, 5]
[6, 9, 3]
[1, 6, 0]
[14, 9, 8]
[5, 7, 9]
[7, 13, 9]
[3, 7, 2]
[9, 3, 4]
[8, 3, 1]
[4, 11, 8]
[5, 13, 4]
[13, 1, 8]
[13, 2, 14]
[0, 7, 3]
[14, 3, 2]
[12, 11, 5]
[8, 6, 3]
[6, 3, 8]
[13, 4, 11]
[4, 2, 14]
[2, 8, 4]
[9, 7, 6]
[1, 8, 10]
[7, 9, 10]
[8, 2, 3]
[2, 5, 11]
[13, 4, 0]
[14, 12, 8]
[2, 9, 1]
[6, 5, 0]
[6, 4, 9]
[9, 8, 2]
[10, 12, 3]
[10, 8, 0]
[2, 12, 9]
[2, 1, 8]
