P1,P2,...,Pn
[11]
[14]
[5]
[3]
[7]
[6]
[11]
[2]
[7]
[8]
[5]
[8]
[12]
[0]
[10]
[0]
[3]
[3]
[3]
[11]
[1]
[6]
[1]
[6]
[4]
[7]
[6]
[9]
[5]
[13]
[14]
[0]
[7]
[6]
[7]
[11]
[10]
[5]
[5]
[1]
[5]
[2]
[4]
[14]
[5]
[12]
[13]
[12]
[12]
[14]
[6]
[11]
[5]
[4]
[12]
[7]
[10]
[10]
[4]
[10]
[12]
[14]
[10]
[12]
[10]
[3]
[13]
[2]
[9]
[0]
[1]
[9]
[9]
[14]
[9]
[11]
[1]
[7]
[8]
[3]
[0]
[5]
[13]
[8]
[7]
[0]
[6]
[12]
[3]
[9]
[5]
[5]
[9]
[1]
[2]
[3]
[8]
[1]
[13]
[3]
[7]
[11]
[0]
[7]
[6]
[14]
[9]
[6]
[9]
[10]
[13]
[8]
[13]
[4]
[1]
[4]
[8]
[5]
[6]
[1]
[14]
[11]
[12]
[12]
[8]
[8]
[13]
[5]
[6]
[2]
[10]
[12]
[14]
[3]
[3]
[4]
[2]
[6]
[14]
[7]
[3]
[9]
[3]
[4]
[7]
[14]
[3]
[2]
[1]
[1]
[13]
[14]
[14]
[11]
[2]
[2]
[2]
[13]
[5]
[13]
[10]
[11]
[13]
[3]
[2]
[10]
[10]
[11]
[6]
[2]
[10]
[14]
[0]
[2]
