P1,P2,...,Pn
[3, 8, 5]
[1, 0, 13]
[5, 3, 13]
[10, 6, 0]
[4, 5, 10]
[7, 14, 11]
[5, 11, 10]
[11, 10, 5]
[1, 6, 8]
[9, 13, 2]
[4, 8, 6]
[2, 12, 10]
[3, 2, 13]
[6, 1, 7]
[7, 3, 10]
[11, 1, 10]
[8, 1, 11]
[8, 2, 11]
[2, 5, 3]
[4, 1, 0]
[8, 13, 4]
[7, 6, 0]
[7, 6, 2]
[5, 11, 3]
[11, 6, 1]
[11, 1, 4]
[6, 1, 3]
[4, 12, 9]
[9, 12, 2]
[14, 3, 11]
[9, 1, 6]
[14, 6, 10]
[5, 2, 0]
[3, 0, 11]
[2, 14, 8]
[9, 13, 0]
[10, 6, 12]
[11, 3, 0]
[8, 1, 9]
[13, 9, 0]
[7, 12, 0]
[6, 4, 9]
[11, 3, 6]
[10, 1, 8]
[9, 14, 13]
[2, 11, 5]
[8, 4, 0]
[13, 8, 9]
[3, 0, 1]
