P1,P2,...,Pn
[5]
[1]
[8]
[10]
[8]
[13]
[12]
[11]
[8]
[6]
[7]
[14]
[14]
[4]
[1]
[9]
[10]
[14]
[10]
[2]
[1]
[8]
[5]
[11]
[0]
[10]
[2]
[14]
[9]
[5]
[0]
[14]
[14]
[4]
[2]
[14]
[7]
[9]
[7]
[11]
[13]
[9]
[6]
[1]
[0]
[11]
[12]
[1]
[1]
[14]
[9]
[5]
[11]
[0]
[11]
[1]
[1]
[4]
[14]
[9]
[2]
[14]
[12]
[0]
[4]
[9]
[11]
[4]
[12]
[11]
[3]
[2]
[8]
[12]
[3]
[4]
[0]
[2]
[4]
[7]
[7]
[13]
[7]
[12]
[7]
[11]
[6]
[6]
[9]
[8]
[14]
[12]
[13]
[8]
[11]
[2]
[7]
[9]
[0]
[3]
[4]
[2]
[8]
[5]
[4]
[1]
[11]
[11]
[0]
[10]
[13]
[3]
[2]
[4]
[12]
[10]
[12]
[9]
[8]
[1]
[13]
[4]
[13]
[2]
[1]
[7]
[14]
[1]
[0]
[0]
[9]
[3]
[9]
[0]
[6]
[14]
[4]
[5]
[6]
[14]
[1]
[11]
[13]
[9]
[7]
[6]
[7]
[7]
[0]
[14]
[2]
[10]
[1]
[14]
[0]
[10]
[12]
[1]
[14]
[12]
[8]
[1]
[9]
[6]
[9]
[12]
[1]
[3]
[5]
[4]
[14]
[0]
[9]
[0]
[13]
[7]
[11]
[7]
[13]
[6]
[13]
[7]
[4]
[14]
[1]
[2]
[2]
[9]
[3]
[12]
[12]
[13]
[6]
[13]
[9]
[6]
[14]
[13]
[5]
[10]
[5]
[4]
[6]
[1]
[10]
[11]
[4]
[11]
[3]
[11]
[13]
[6]
