P1,P2,...,Pn
[4, 7]
[3, 13]
[9, 2]
[12, 0]
[14, 0]
[9, 3]
[10, 11]
[7, 14]
[9, 14]
[9, 11]
[12, 6]
[1, 5]
[4, 1]
[4, 2]
[5, 6]
[4, 2]
[5, 3]
[8, 12]
[0, 5]
[5, 6]
[6, 5]
[12, 9]
[8, 5]
[4, 9]
[8, 9]
[2, 9]
[14, 6]
[1, 14]
[2, 8]
[11, 0]
[6, 14]
[7, 8]
[10, 2]
[12, 7]
[2, 3]
[8, 11]
[12, 5]
[7, 3]
[4, 3]
[2, 1]
[13, 9]
[13, 0]
[9, 7]
[5, 10]
[6, 0]
[0, 7]
[10, 6]
[1, 5]
[7, 12]
[8, 13]
[11, 6]
[4, 13]
[0, 8]
[9, 0]
[8, 6]
[2, 11]
[13, 9]
[3, 9]
[10, 11]
[6, 11]
[12, 1]
[12, 7]
[10, 11]
[7, 13]
[8, 12]
[4, 3]
[6, 10]
[10, 14]
[9, 13]
[5, 12]
[13, 5]
[13, 14]
[1, 6]
[11, 0]
[5, 4]
[5, 4]
[12, 6]
[7, 6]
[3, 2]
[3, 13]
[3, 10]
[13, 0]
[2, 8]
[14, 1]
[7, 14]
[0, 9]
[8, 3]
[9, 12]
[7, 8]
[0, 10]
[9, 10]
[14, 0]
[9, 5]
[5, 8]
[10, 2]
[8, 3]
[10, 14]
[11, 12]
[3, 6]
[13, 9]
[12, 10]
[2, 10]
[2, 14]
[12, 11]
[14, 5]
[7, 5]
[6, 12]
[3, 12]
[0, 13]
[1, 11]
[9, 0]
[1, 5]
[0, 14]
[13, 10]
[4, 13]
[13, 12]
[9, 12]
[10, 13]
[10, 4]
[12, 0]
[11, 5]
[12, 0]
[9, 13]
[5, 14]
[3, 11]
[6, 3]
[3, 7]
[7, 11]
[5, 14]
[8, 5]
[10, 8]
[3, 2]
[6, 0]
[13, 2]
[3, 0]
[9, 7]
[5, 2]
[11, 5]
[1, 4]
[8, 13]
[12, 6]
[11, 3]
[14, 6]
[5, 10]
[13, 6]
[13, 0]
[4, 0]
[6, 8]
[5, 1]
[9, 13]
[14, 5]
[6, 10]
[0, 14]
[8, 6]
[7, 5]
[4, 12]
[5, 7]
[11, 1]
[4, 8]
[14, 7]
[2, 11]
[10, 7]
[11, 2]
[10, 9]
[5, 9]
[7, 12]
[3, 14]
[14, 3]
[7, 10]
[9, 11]
[11, 3]
[0, 7]
[3, 2]
[2, 7]
[4, 11]
[0, 3]
[13, 7]
[10, 7]
[13, 5]
[14, 6]
[3, 6]
[1, 13]
[13, 4]
[14, 3]
[5, 4]
[9, 14]
[12, 4]
[14, 9]
[12, 5]
[12, 10]
[11, 9]
[9, 11]
[8, 10]
[2, 3]
[10, 7]
[0, 8]
[14, 5]
[2, 1]
[11, 2]
[3, 7]
[8, 3]
[8, 14]
[1, 4]
[3, 7]
[5, 2]
[7, 2]
[12, 0]
[7, 0]
[12, 3]
[1, 5]
[10, 0]
