P1,P2,...,Pn
[10, 14, 2]
[1, 4, 9]
[9, 13, 11]
[8, 7, 13]
[13, 4, 6]
[4, 0, 14]
[11, 12, 7]
[7, 14, 9]
[1, 9, 0]
[9, 1, 12]
[0, 13, 6]
[4, 2, 5]
[5, 12, 7]
[1, 9, 10]
[10, 12, 9]
[0, 3, 11]
[7, 3, 10]
[6, 5, 12]
[14, 2, 9]
[1, 2, 6]
[7, 9, 5]
[11, 6, 1]
[11, 7, 4]
[1, 10, 5]
[10, 3, 2]
[2, 4, 3]
[11, 8, 9]
[11, 13, 12]
[3, 14, 11]
[6, 12, 7]
[11, 10, 3]
[11, 5, 4]
[11, 1, 4]
[2, 13, 7]
[1, 7, 12]
[2, 6, 7]
[12, 4, 5]
[11, 9, 7]
[7, 3, 12]
[10, 4, 11]
[13, 12, 1]
[2, 6, 0]
[13, 6, 11]
[10, 12, 13]
[7, 4, 13]
[1, 5, 13]
[4, 11, 8]
[12, 11, 8]
[4, 8, 2]
[9, 2, 14]
[7, 9, 14]
[10, 6, 13]
[5, 11, 9]
[5, 1, 7]
[13, 14, 3]
[12, 14, 9]
[5, 4, 2]
[5, 4, 6]
[1, 12, 14]
[6, 9, 12]
[2, 3, 1]
[6, 14, 3]
[8, 0, 7]
[11, 14, 8]
[0, 9, 7]
[9, 3, 5]
[14, 0, 2]
[0, 14, 7]
[7, 8, 4]
[8, 2, 0]
[13, 3, 1]
[11, 10, 1]
[11, 6, 1]
[11, 4, 7]
[0, 5, 9]
[10, 1, 4]
[14, 13, 10]
[7, 2, 8]
[14, 8, 6]
[11, 14, 5]
[6, 5, 7]
[5, 13, 6]
[12, 3, 6]
[1, 8, 6]
[2, 1, 5]
[3, 14, 1]
[4, 6, 3]
[3, 10, 5]
[14, 12, 0]
[11, 8, 7]
[2, 3, 13]
[10, 13, 11]
[14, 9, 4]
[13, 11, 12]
[3, 8, 6]
[0, 9, 11]
[4, 10, 7]
[9, 13, 1]
[1, 8, 3]
[6, 14, 10]
[14, 8, 13]
[9, 2, 4]
[9, 7, 14]
[6, 11, 1]
[2, 4, 6]
[8, 7, 1]
[3, 1, 0]
[12, 4, 0]
[5, 6, 4]
[6, 13, 4]
[9, 2, 11]
