P1,P2,...,Pn
[6, 8, 12]
[7, 13, 4]
[7, 5, 3]
[4, 9, 14]
[12, 14, 6]
[4, 1, 6]
[6, 8, 1]
[14, 5, 1]
[1, 8, 13]
[2, 7, 14]
[12, 8, 0]
[13, 7, 12]
[12, 4, 1]
[12, 5, 2]
[3, 10, 8]
[0, 13, 7]
[3, 1, 12]
[12, 1, 7]
[6, 3, 13]
[12, 2, 3]
[5, 11, 3]
[8, 1, 3]
[3, 14, 10]
[8, 11, 5]
[13, 2, 10]
[4, 5, 11]
[10, 11, 8]
[9, 12, 0]
[12, 2, 3]
[14, 7, 11]
[0, 10, 7]
[10, 4, 6]
[10, 3, 6]
[1, 0, 7]
[11, 4, 8]
[8, 6, 10]
[0, 5, 14]
[9, 1, 8]
[11, 12, 8]
[8, 5, 12]
[5, 6, 12]
[4, 11, 0]
[12, 7, 3]
[10, 6, 1]
[7, 8, 13]
[13, 9, 8]
[12, 3, 13]
[0, 13, 3]
[4, 11, 0]
[13, 1, 8]
[10, 2, 6]
[12, 13, 7]
[11, 9, 10]
[14, 9, 5]
[12, 0, 14]
[6, 10, 2]
[6, 14, 2]
[10, 14, 11]
[12, 1, 2]
[5, 9, 4]
[5, 13, 9]
[11, 10, 1]
[8, 9, 2]
[7, 14, 8]
[12, 8, 0]
[2, 1, 10]
[14, 6, 12]
[12, 8, 0]
[3, 9, 10]
[0, 8, 1]
[1, 5, 14]
[6, 9, 11]
[13, 2, 5]
[14, 13, 4]
[12, 13, 3]
[11, 2, 7]
[5, 0, 13]
[8, 7, 9]
[9, 2, 0]
[3, 7, 14]
[5, 13, 0]
[10, 6, 12]
[4, 1, 2]
[5, 11, 13]
[1, 2, 14]
[4, 1, 5]
[10, 14, 5]
[0, 9, 4]
[11, 4, 8]
[9, 12, 14]
[4, 7, 6]
[9, 4, 0]
[8, 10, 11]
[4, 3, 13]
[14, 13, 0]
[11, 13, 2]
[10, 12, 14]
[13, 11, 3]
[8, 4, 9]
[13, 10, 3]
[1, 9, 6]
[0, 13, 2]
[1, 2, 4]
[10, 11, 8]
[0, 14, 5]
[8, 14, 10]
[7, 12, 0]
[10, 13, 9]
[7, 3, 0]
[4, 7, 0]
[6, 8, 4]
[1, 4, 8]
[5, 13, 1]
[12, 4, 3]
[10, 2, 0]
[9, 3, 14]
[5, 7, 1]
[7, 12, 10]
[0, 2, 13]
[1, 12, 13]
[1, 5, 3]
[2, 8, 13]
[8, 12, 14]
[9, 2, 7]
[6, 0, 12]
[1, 3, 7]
[13, 0, 3]
[10, 13, 9]
[0, 5, 13]
[0, 6, 7]
[0, 7, 8]
[6, 1, 3]
[14, 13, 3]
[4, 3, 2]
[9, 10, 3]
[13, 9, 7]
[5, 11, 12]
[2, 3, 14]
[5, 12, 3]
[13, 4, 9]
[13, 10, 1]
[13, 10, 4]
[13, 11, 14]
[9, 12, 5]
[1, 13, 5]
[4, 3, 0]
[11, 8, 3]
[5, 10, 4]
[3, 9, 14]
[9, 2, 11]
[4, 0, 6]
[7, 13, 8]
[13, 7, 1]
[3, 8, 9]
[6, 8, 4]
[14, 0, 9]
[6, 3, 5]
[13, 3, 9]
[0, 8, 9]
[8, 0, 13]
[9, 2, 7]
[6, 2, 7]
[8, 3, 11]
[13, 5, 1]
[14, 8, 1]
[12, 4, 0]
[1, 14, 0]
[9, 13, 8]
[14, 1, 12]
[13, 3, 1]
[4, 2, 5]
[0, 7, 2]
[7, 5, 3]
[2, 1, 6]
[0, 8, 1]
[7, 12, 11]
[10, 11, 4]
[0, 1, 2]
[0, 7, 4]
[9, 5, 11]
[5, 3, 13]
[4, 13, 12]
[12, 2, 0]
[13, 0, 6]
[11, 3, 7]
[6, 8, 4]
[8, 1, 6]
[7, 4, 2]
[7, 3, 10]
[2, 13, 4]
[7, 0, 8]
[3, 9, 2]
[6, 9, 8]
[14, 7, 9]
[6, 4, 13]
[7, 14, 11]
[7, 14, 0]
[14, 1, 11]
[1, 0, 3]
[14, 5, 13]
[12, 8, 5]
[2, 10, 8]
[13, 4, 3]
[4, 10, 13]
[1, 3, 10]
[2, 7, 11]
[9, 4, 6]
[14, 2, 0]
[7, 5, 13]
[7, 2, 14]
[2, 11, 5]
[1, 13, 3]
[7, 4, 9]
[2, 6, 13]
[3, 7, 4]
[14, 13, 6]
[1, 4, 2]
[5, 1, 2]
[3, 6, 2]
[5, 4, 0]
[7, 5, 11]
[1, 0, 9]
[1, 3, 14]
[4, 7, 13]
[14, 5, 4]
[5, 11, 14]
[1, 5, 9]
[6, 5, 1]
[6, 11, 13]
[4, 3, 11]
[5, 8, 0]
[7, 8, 5]
[12, 7, 6]
[8, 11, 9]
[14, 10, 3]
