P1,P2,...,Pn
[10]
[7]
[3]
[7]
[2]
[8]
[8]
[0]
[12]
[11]
[10]
[2]
[8]
[3]
[2]
[3]
[13]
[11]
[14]
[13]
[13]
[13]
[1]
[0]
[3]
[7]
[9]
[11]
[14]
[0]
[3]
[4]
[9]
[10]
[7]
[3]
[9]
[6]
[4]
[8]
[4]
[0]
[9]
[13]
[0]
[11]
[4]
[2]
[3]
[1]
[0]
[5]
[10]
[9]
[5]
[3]
[3]
[12]
[0]
[5]
[13]
[5]
[6]
[0]
[7]
[3]
[13]
[4]
[2]
[13]
[4]
[10]
[0]
[2]
[3]
[14]
[7]
[9]
[10]
[7]
[10]
[9]
[0]
[5]
[14]
[11]
[14]
[10]
[4]
[9]
[12]
[9]
[2]
[14]
[12]
[3]
[4]
[3]
[3]
[10]
[4]
[4]
[13]
[9]
[0]
[14]
[7]
[3]
[13]
[10]
[7]
[5]
[4]
[14]
[12]
[12]
[10]
[10]
[4]
[5]
[4]
[14]
[11]
[14]
[14]
[0]
[10]
[2]
[3]
[7]
[2]
[12]
[0]
[4]
[5]
[14]
[9]
[13]
[5]
[2]
[14]
[13]
[3]
[7]
[12]
[1]
[0]
[6]
[7]
[12]
[11]
[4]
[0]
[12]
[12]
[3]
[1]
[5]
[9]
[4]
