P1,P2,...,Pn
[5, 12]
[6, 3]
[1, 2]
[5, 10]
[9, 3]
[4, 7]
[12, 0]
[7, 8]
[5, 13]
[3, 11]
[9, 3]
[5, 11]
[13, 4]
[7, 13]
[11, 3]
[3, 14]
[5, 8]
[10, 5]
[4, 8]
[3, 12]
[4, 0]
[6, 12]
[7, 11]
[13, 7]
[10, 0]
[10, 0]
[12, 14]
[4, 13]
[2, 11]
[12, 14]
[8, 13]
[12, 13]
[4, 3]
[0, 7]
[1, 6]
[3, 6]
[12, 2]
[12, 2]
[7, 2]
[2, 4]
[13, 12]
[6, 2]
[12, 14]
[9, 10]
[4, 9]
[12, 6]
[1, 2]
[1, 8]
[12, 0]
[7, 5]
[13, 9]
[14, 6]
[7, 9]
[1, 14]
[13, 0]
[2, 5]
[11, 7]
[12, 5]
[1, 7]
[8, 11]
[11, 10]
[3, 0]
[2, 3]
[7, 5]
[6, 3]
[12, 10]
[1, 6]
[2, 11]
[8, 2]
[1, 3]
[8, 2]
[11, 6]
[0, 4]
[13, 9]
[3, 12]
[13, 14]
[1, 0]
[2, 10]
[6, 1]
[13, 10]
[1, 8]
[1, 11]
[1, 3]
[9, 8]
[5, 10]
[8, 11]
[0, 8]
[13, 3]
[11, 1]
[0, 2]
[14, 3]
[6, 13]
[4, 8]
[4, 8]
[6, 7]
[2, 9]
[8, 2]
[7, 8]
[9, 7]
[9, 10]
[5, 7]
[11, 3]
[14, 6]
[8, 4]
[7, 11]
[0, 13]
[9, 7]
[7, 3]
[14, 3]
[12, 11]
[3, 14]
[13, 0]
[7, 4]
[2, 6]
[5, 1]
[4, 3]
[8, 5]
[9, 0]
[13, 7]
[0, 13]
[2, 7]
[1, 12]
[2, 10]
[14, 1]
[3, 0]
[2, 10]
[9, 6]
[12, 7]
[6, 8]
[13, 8]
[7, 11]
[4, 9]
[0, 2]
[1, 6]
[7, 4]
[9, 1]
[4, 12]
[7, 8]
[1, 2]
[2, 13]
[9, 10]
[1, 7]
[9, 1]
[13, 10]
[14, 0]
[4, 2]
[4, 2]
[5, 0]
[11, 7]
[8, 1]
[11, 8]
[0, 4]
[13, 8]
[1, 8]
[2, 11]
[10, 3]
[14, 11]
[3, 8]
[4, 7]
[14, 9]
[8, 13]
[13, 14]
[7, 11]
[0, 7]
[3, 14]
[14, 1]
[5, 4]
[14, 5]
[5, 7]
[0, 3]
[10, 5]
[14, 7]
[6, 9]
[1, 4]
[1, 2]
[7, 1]
[7, 11]
[14, 0]
