P1,P2,...,Pn
[9, 11]
[7, 8]
[0, 9]
[7, 14]
[7, 3]
[1, 11]
[8, 4]
[6, 4]
[5, 1]
[12, 10]
[2, 7]
[1, 2]
[6, 12]
[8, 0]
[2, 8]
[6, 13]
[9, 7]
[3, 6]
[4, 8]
[12, 1]
[7, 8]
[10, 7]
[9, 11]
[9, 14]
[5, 6]
[11, 10]
[5, 8]
[1, 7]
[1, 12]
[6, 9]
[4, 9]
[14, 3]
[9, 11]
[2, 10]
[10, 5]
[5, 13]
[13, 12]
[4, 13]
[11, 9]
[5, 7]
[2, 12]
[9, 14]
[10, 14]
[1, 0]
[1, 12]
[11, 8]
[8, 5]
[6, 14]
[10, 12]
[0, 4]
[14, 6]
[4, 5]
[9, 4]
[13, 0]
[10, 11]
[4, 11]
[7, 6]
[11, 2]
[1, 5]
[13, 4]
[10, 7]
[6, 4]
[2, 6]
[6, 9]
[4, 7]
[7, 5]
[5, 10]
[12, 11]
[0, 11]
[11, 8]
[6, 14]
[11, 8]
[7, 5]
[8, 11]
[10, 1]
[6, 11]
[5, 7]
[2, 7]
[1, 11]
[13, 0]
[13, 12]
[4, 9]
[13, 9]
[14, 2]
[14, 2]
[11, 13]
[7, 6]
[6, 4]
[13, 5]
[7, 4]
[4, 14]
[2, 9]
[9, 12]
[10, 7]
[10, 3]
[5, 8]
[5, 13]
[13, 6]
[5, 3]
[11, 13]
[8, 13]
[11, 5]
[1, 5]
[3, 6]
[13, 3]
[13, 14]
[3, 13]
[11, 8]
[4, 3]
[13, 7]
[11, 5]
[6, 4]
[12, 8]
[1, 3]
[1, 13]
[8, 5]
[7, 6]
[11, 0]
[3, 12]
[1, 8]
[7, 12]
[14, 3]
[9, 1]
[9, 1]
[5, 0]
[2, 5]
[5, 11]
[0, 6]
[11, 8]
[6, 10]
[0, 3]
[1, 6]
[8, 7]
[13, 0]
[10, 2]
[10, 4]
[9, 5]
[8, 5]
[12, 10]
[13, 7]
[12, 11]
[5, 14]
[7, 12]
[11, 4]
[8, 10]
[14, 13]
[3, 8]
[2, 11]
[7, 4]
[2, 4]
[9, 1]
[6, 13]
[8, 2]
[3, 10]
[3, 5]
[8, 5]
[4, 11]
[14, 6]
[11, 2]
[14, 10]
[11, 5]
[12, 5]
[8, 11]
[2, 3]
[7, 2]
[9, 1]
[1, 14]
[9, 8]
[2, 13]
[3, 1]
[2, 10]
[10, 3]
[12, 5]
[10, 5]
[1, 13]
[3, 6]
[14, 10]
[3, 1]
[9, 8]
[6, 10]
[10, 2]
[6, 11]
[13, 12]
[2, 9]
[13, 5]
[13, 2]
[9, 12]
[5, 2]
[9, 8]
[1, 5]
[2, 4]
[11, 9]
[7, 8]
[7, 13]
[10, 9]
[9, 12]
[8, 0]
[13, 6]
[7, 11]
[12, 13]
[2, 13]
[2, 14]
[3, 14]
[8, 12]
[10, 1]
[0, 5]
[8, 3]
[13, 11]
[12, 0]
[7, 12]
[4, 13]
[2, 14]
[8, 5]
[1, 2]
[2, 0]
[6, 7]
[11, 12]
[11, 10]
[2, 7]
[1, 14]
[11, 0]
[3, 1]
[7, 2]
[0, 3]
[2, 13]
[2, 8]
[2, 11]
