P1,P2,...,Pn
[2, 13]
[13, 4]
[3, 5]
[0, 8]
[9, 13]
[1, 14]
[2, 11]
[10, 1]
[0, 14]
[0, 3]
[1, 11]
[11, 9]
[12, 3]
[9, 14]
[11, 2]
[6, 10]
[11, 14]
[9, 4]
[14, 12]
[11, 8]
[11, 0]
[12, 7]
[14, 13]
[13, 0]
[1, 11]
[14, 2]
[13, 4]
[4, 6]
[4, 5]
[6, 3]
[9, 11]
[13, 5]
[0, 3]
[12, 13]
[1, 10]
[0, 3]
[4, 3]
[9, 6]
[7, 3]
[8, 2]
[8, 10]
[10, 3]
[2, 0]
[7, 12]
[1, 11]
[10, 7]
[7, 1]
[10, 14]
[4, 5]
[4, 5]
[1, 10]
[7, 9]
[10, 6]
[13, 3]
[12, 2]
[9, 10]
[13, 4]
[9, 10]
[11, 12]
[1, 11]
[8, 11]
[6, 3]
[2, 5]
[9, 6]
[2, 9]
[6, 3]
[0, 9]
[7, 5]
[3, 8]
[9, 6]
[7, 14]
[0, 14]
[8, 10]
[6, 12]
[8, 10]
[10, 5]
[12, 5]
[2, 6]
[8, 3]
[0, 6]
[14, 1]
[3, 11]
[10, 7]
[6, 8]
[1, 0]
[7, 0]
[8, 3]
[0, 8]
[13, 10]
[14, 12]
[1, 6]
[8, 13]
[2, 13]
[8, 9]
[9, 10]
[8, 0]
[13, 6]
[1, 2]
[0, 5]
[12, 4]
[3, 13]
[13, 11]
[10, 11]
[10, 2]
[3, 13]
[1, 2]
[1, 14]
[2, 1]
[0, 5]
[4, 2]
[13, 4]
[0, 13]
[2, 0]
[4, 8]
[4, 14]
[7, 8]
[6, 10]
[1, 2]
[1, 7]
[2, 0]
[0, 2]
[6, 11]
[2, 14]
[5, 2]
[2, 13]
[2, 8]
[4, 8]
[0, 13]
[5, 2]
[13, 12]
[5, 14]
[13, 14]
[13, 1]
[11, 5]
[3, 9]
[4, 5]
[4, 0]
[1, 7]
[9, 5]
[4, 12]
[3, 6]
[12, 13]
[10, 6]
[8, 10]
[5, 1]
[5, 11]
[9, 6]
[3, 6]
[6, 10]
[12, 14]
[6, 3]
[3, 8]
[9, 7]
[5, 8]
[1, 14]
[2, 12]
[12, 0]
[12, 0]
[5, 12]
[14, 7]
[2, 8]
[5, 13]
[6, 9]
[11, 5]
[5, 7]
[14, 5]
[7, 13]
[1, 14]
[11, 2]
[11, 4]
[8, 9]
[13, 0]
[13, 8]
[8, 2]
[4, 6]
[7, 0]
[6, 4]
[6, 2]
[4, 9]
[1, 13]
[10, 3]
[6, 1]
[2, 9]
[12, 0]
[1, 7]
[13, 9]
[12, 3]
[0, 12]
[1, 2]
[12, 14]
[14, 2]
[13, 4]
[13, 0]
[1, 5]
[8, 0]
[10, 6]
[8, 3]
[6, 7]
[12, 10]
[12, 5]
[0, 6]
[10, 6]
[10, 1]
[1, 14]
[6, 1]
[12, 7]
[11, 5]
[2, 3]
[5, 9]
[6, 5]
[0, 3]
[14, 9]
[7, 10]
[14, 2]
[0, 1]
[8, 1]
[12, 13]
[11, 14]
[4, 0]
[7, 12]
[5, 1]
[0, 10]
[6, 10]
[1, 12]
[5, 2]
[5, 8]
[8, 1]
[6, 0]
[3, 9]
[3, 2]
[4, 8]
[14, 7]
[3, 1]
[14, 12]
[6, 2]
[12, 4]
[13, 2]
