P1,P2,...,Pn
[3, 6, 8]
[4, 3, 2]
[14, 8, 9]
[4, 9, 5]
[12, 10, 2]
[4, 14, 3]
[12, 8, 4]
[11, 0, 12]
[1, 3, 11]
[2, 0, 8]
[0, 11, 5]
[2, 5, 7]
[6, 0, 10]
[14, 8, 3]
[1, 10, 13]
[1, 14, 5]
[7, 1, 10]
[0, 13, 3]
[4, 5, 6]
[13, 6, 8]
[14, 1, 10]
[10, 0, 13]
[7, 8, 10]
[3, 9, 13]
[13, 10, 7]
[7, 4, 11]
[3, 13, 6]
[4, 13, 12]
[8, 7, 13]
[1, 6, 2]
[2, 7, 1]
[5, 7, 10]
[4, 9, 14]
[9, 12, 13]
[5, 13, 0]
[13, 2, 8]
[6, 1, 9]
[14, 5, 10]
[11, 0, 10]
[1, 4, 2]
[2, 6, 1]
[7, 12, 3]
[10, 8, 4]
[8, 3, 5]
[11, 13, 0]
[2, 3, 0]
[13, 7, 9]
[9, 1, 10]
[12, 8, 7]
[3, 1, 8]
[4, 13, 7]
[3, 2, 9]
[2, 9, 1]
[3, 1, 12]
[9, 12, 0]
[9, 8, 3]
[13, 8, 1]
[10, 5, 11]
[2, 7, 11]
[8, 4, 12]
[5, 2, 13]
[1, 5, 3]
[11, 4, 9]
[9, 12, 3]
[8, 10, 3]
[1, 2, 0]
[4, 7, 9]
[7, 0, 9]
[2, 3, 12]
[14, 8, 7]
[12, 8, 10]
[2, 5, 10]
[0, 3, 14]
[10, 9, 5]
[13, 0, 3]
[13, 2, 0]
[1, 7, 2]
[12, 6, 4]
[1, 6, 14]
[7, 2, 0]
[11, 14, 12]
[9, 12, 11]
[0, 7, 14]
[3, 6, 8]
[8, 0, 11]
[13, 4, 9]
[8, 12, 5]
[0, 9, 11]
[12, 3, 13]
[2, 6, 12]
[4, 5, 9]
[2, 7, 4]
[4, 11, 1]
[8, 12, 11]
[4, 6, 14]
[6, 5, 2]
[6, 4, 13]
[8, 9, 1]
[2, 5, 0]
[13, 3, 4]
[0, 12, 1]
[5, 6, 14]
[3, 7, 1]
[14, 4, 1]
[6, 1, 13]
[8, 1, 0]
[2, 8, 14]
[1, 5, 10]
[10, 11, 12]
[7, 1, 14]
[8, 6, 5]
[14, 10, 11]
[10, 12, 13]
[6, 9, 0]
[14, 4, 11]
[12, 8, 7]
[0, 6, 3]
[1, 9, 13]
[7, 1, 11]
[5, 2, 6]
[2, 9, 3]
[12, 14, 13]
[14, 8, 12]
[10, 6, 5]
[8, 14, 2]
[1, 7, 0]
[3, 1, 4]
[6, 9, 0]
[13, 0, 4]
[10, 13, 1]
[6, 8, 7]
[10, 4, 8]
[10, 13, 2]
[8, 7, 9]
[8, 10, 4]
[2, 8, 13]
[6, 1, 8]
[5, 12, 13]
[10, 2, 11]
[3, 13, 8]
[5, 0, 1]
[1, 14, 13]
[10, 11, 7]
[14, 4, 3]
[11, 14, 13]
[12, 3, 0]
[12, 1, 3]
[9, 0, 4]
[5, 14, 9]
[14, 13, 6]
[14, 7, 3]
[0, 1, 4]
[9, 1, 12]
[6, 9, 2]
[14, 4, 1]
[0, 12, 5]
[13, 10, 2]
[4, 14, 3]
[0, 2, 7]
[4, 1, 9]
[8, 1, 6]
[1, 5, 11]
[10, 5, 12]
[5, 0, 2]
[9, 7, 6]
[10, 0, 12]
[6, 13, 3]
[4, 2, 8]
[4, 3, 1]
[12, 9, 0]
[1, 11, 6]
[11, 0, 7]
[8, 3, 6]
[8, 12, 11]
[13, 4, 1]
[12, 0, 5]
[14, 5, 7]
[6, 3, 12]
[3, 1, 14]
[9, 11, 0]
[1, 12, 13]
[3, 14, 0]
[8, 5, 9]
[11, 0, 14]
[4, 3, 1]
[12, 8, 3]
[13, 0, 6]
[1, 4, 7]
[8, 14, 5]
[11, 14, 7]
[4, 3, 2]
[0, 9, 5]
[11, 3, 7]
[11, 4, 7]
[2, 4, 9]
[2, 14, 1]
[12, 5, 9]
[8, 9, 6]
[5, 4, 8]
[2, 4, 9]
[10, 2, 9]
[4, 14, 3]
[2, 13, 12]
[7, 2, 13]
[3, 6, 9]
[12, 14, 4]
[10, 5, 3]
[0, 2, 1]
[10, 11, 6]
[5, 11, 1]
[13, 9, 7]
[12, 3, 7]
[1, 12, 9]
[6, 13, 3]
[8, 14, 6]
[11, 8, 13]
[10, 0, 3]
[6, 11, 4]
[5, 10, 6]
[7, 0, 9]
[8, 3, 1]
