P1,P2,...,Pn
[3, 1]
[11, 4]
[14, 7]
[0, 11]
[10, 4]
[3, 4]
[5, 10]
[4, 13]
[6, 4]
[12, 11]
[12, 8]
[12, 1]
[1, 4]
[4, 9]
[1, 14]
[7, 6]
[8, 0]
[12, 1]
[1, 6]
[0, 6]
[7, 9]
[9, 4]
[6, 0]
[8, 10]
[8, 0]
[2, 4]
[12, 8]
[8, 11]
[9, 4]
[3, 12]
[1, 2]
[5, 1]
[0, 12]
[5, 3]
[0, 13]
[0, 14]
[12, 9]
[14, 5]
[9, 8]
[9, 2]
[10, 13]
[12, 13]
[9, 2]
[0, 5]
[9, 8]
[12, 11]
[1, 12]
[1, 14]
[13, 5]
[11, 7]
[10, 11]
[3, 8]
[14, 3]
[14, 9]
[1, 14]
[8, 13]
[14, 5]
[9, 7]
[7, 2]
[6, 9]
[4, 8]
[1, 5]
[1, 14]
[2, 12]
[1, 8]
[9, 7]
[4, 10]
[4, 11]
[2, 5]
[10, 2]
[4, 13]
[5, 13]
[3, 13]
[4, 8]
[2, 13]
[13, 5]
[9, 2]
[1, 10]
[9, 13]
[3, 4]
[8, 11]
[12, 13]
[6, 7]
[10, 14]
