P1,P2,...,Pn
[4, 9]
[8, 7]
[1, 4]
[7, 1]
[2, 11]
[2, 9]
[6, 2]
[3, 9]
[5, 6]
[8, 10]
[5, 12]
[13, 2]
[6, 5]
[1, 12]
[0, 12]
[6, 7]
[1, 10]
[11, 0]
[8, 2]
[13, 12]
[6, 1]
[10, 0]
[2, 14]
[12, 7]
[4, 3]
[12, 6]
[0, 9]
[3, 8]
[8, 10]
[0, 14]
[12, 8]
[5, 11]
[2, 4]
[7, 5]
[11, 9]
[3, 7]
[5, 10]
[11, 14]
[14, 9]
[10, 3]
[6, 9]
[0, 13]
[9, 14]
[3, 2]
[1, 12]
[4, 12]
[14, 10]
[3, 9]
[4, 3]
[2, 8]
[12, 13]
[4, 13]
[11, 1]
[10, 2]
[6, 13]
[7, 11]
[13, 3]
[2, 10]
[4, 2]
[7, 13]
[3, 6]
[0, 13]
[13, 12]
[5, 8]
[3, 10]
[13, 9]
[10, 12]
[10, 6]
[0, 11]
[13, 7]
[14, 10]
[9, 0]
[12, 7]
[12, 7]
[11, 1]
[14, 10]
[10, 12]
[13, 6]
[0, 3]
[14, 12]
[11, 12]
[4, 3]
[12, 5]
[5, 3]
[2, 13]
[9, 3]
[4, 12]
[8, 5]
[3, 9]
[9, 1]
[3, 0]
[11, 6]
[14, 13]
[0, 11]
[8, 7]
[2, 0]
[2, 14]
[1, 3]
[5, 7]
[3, 11]
[4, 7]
[3, 2]
[10, 5]
[4, 3]
[3, 14]
[14, 3]
[1, 14]
[2, 8]
[12, 7]
[1, 7]
[3, 13]
[8, 4]
[2, 13]
[10, 12]
[10, 12]
[7, 0]
[5, 13]
[4, 12]
[6, 14]
[0, 13]
[6, 1]
[3, 1]
[3, 1]
[7, 6]
[9, 5]
[8, 2]
[6, 1]
[8, 6]
[11, 13]
[6, 0]
[14, 12]
[11, 3]
[4, 3]
[5, 0]
[4, 6]
[13, 9]
[2, 9]
[12, 5]
[14, 0]
[1, 9]
[3, 9]
[7, 12]
[8, 10]
[6, 11]
[14, 8]
[12, 0]
[8, 10]
[10, 11]
[7, 11]
[7, 6]
[2, 11]
[14, 12]
[8, 6]
[10, 6]
[11, 12]
[0, 11]
[5, 8]
[6, 4]
[11, 8]
[6, 10]
[4, 6]
[6, 0]
[9, 1]
[11, 3]
[4, 2]
[1, 14]
[11, 14]
[9, 4]
[14, 0]
[12, 1]
[14, 7]
[8, 13]
[3, 0]
[9, 4]
[2, 12]
[11, 14]
[5, 0]
[13, 3]
[14, 4]
[6, 2]
[5, 11]
[2, 14]
[2, 3]
