P1,P2,...,Pn
[3, 8, 11]
[6, 0, 14]
[11, 14, 13]
[8, 0, 5]
[4, 3, 1]
[10, 7, 14]
[4, 5, 6]
[6, 8, 11]
[4, 5, 12]
[14, 0, 11]
[6, 14, 13]
[3, 13, 2]
[4, 12, 7]
[11, 3, 14]
[6, 3, 8]
[12, 11, 2]
[6, 2, 11]
[14, 5, 6]
[1, 5, 12]
[6, 5, 4]
[3, 8, 12]
[8, 3, 6]
[10, 6, 2]
[2, 3, 6]
[13, 11, 4]
[4, 12, 6]
[8, 0, 6]
[12, 2, 0]
[13, 9, 11]
[3, 11, 5]
[13, 14, 4]
[12, 4, 13]
[12, 2, 6]
[1, 11, 14]
[2, 5, 8]
[2, 10, 6]
[8, 3, 14]
[0, 5, 10]
[2, 4, 8]
[14, 12, 4]
[10, 0, 4]
[9, 10, 11]
[8, 2, 0]
[3, 7, 14]
[11, 9, 12]
[0, 3, 13]
[11, 14, 8]
[1, 10, 0]
[11, 1, 7]
[5, 9, 7]
[11, 14, 2]
[0, 11, 12]
[6, 2, 1]
[6, 2, 7]
[14, 13, 8]
[4, 6, 0]
[6, 1, 12]
[3, 13, 0]
[0, 1, 5]
[1, 11, 3]
[0, 14, 8]
[6, 7, 10]
[7, 5, 1]
[9, 11, 12]
[2, 6, 9]
[9, 1, 6]
[4, 5, 14]
[0, 14, 8]
[10, 1, 3]
[13, 2, 11]
[14, 12, 2]
[11, 13, 12]
[11, 0, 1]
[1, 11, 2]
[7, 6, 2]
[6, 4, 10]
[4, 5, 14]
[4, 10, 5]
[11, 2, 9]
[11, 9, 2]
[13, 12, 11]
[5, 6, 9]
[13, 8, 12]
[1, 4, 11]
[5, 8, 1]
[4, 8, 11]
[7, 6, 8]
[8, 13, 0]
[4, 5, 9]
[10, 9, 5]
[3, 11, 8]
[1, 8, 13]
[12, 0, 6]
[13, 9, 7]
[2, 14, 1]
[12, 13, 8]
[5, 10, 13]
[14, 0, 10]
[14, 5, 13]
[11, 5, 12]
[11, 9, 0]
[14, 5, 0]
[10, 6, 14]
[7, 0, 4]
[6, 10, 9]
[4, 5, 9]
[7, 14, 11]
[3, 1, 12]
[4, 0, 5]
[1, 12, 3]
[12, 1, 7]
[4, 14, 10]
[0, 10, 12]
[4, 10, 1]
[8, 3, 13]
[0, 6, 12]
[0, 3, 10]
[9, 12, 1]
[14, 11, 5]
[14, 6, 8]
[4, 14, 3]
[1, 3, 9]
[2, 0, 14]
[7, 1, 11]
[0, 8, 1]
[10, 3, 4]
[14, 0, 9]
[14, 12, 10]
[8, 4, 13]
[14, 8, 1]
[0, 12, 10]
[4, 14, 0]
[7, 9, 8]
[12, 13, 1]
[5, 0, 1]
[3, 11, 14]
[6, 0, 7]
[9, 8, 4]
[5, 7, 3]
[6, 0, 9]
[4, 6, 7]
[10, 2, 12]
