P1,P2,...,Pn
[14, 8, 7]
[6, 10, 1]
[4, 9, 11]
[3, 11, 13]
[8, 6, 14]
[14, 5, 2]
[3, 11, 0]
[8, 7, 4]
[0, 11, 1]
[2, 7, 3]
[2, 8, 1]
[9, 11, 7]
[10, 7, 4]
[7, 9, 5]
[9, 7, 12]
[7, 8, 11]
[11, 3, 2]
[13, 5, 0]
[12, 9, 4]
[14, 7, 11]
[5, 12, 2]
[14, 6, 3]
[9, 3, 13]
[11, 5, 0]
[9, 0, 5]
[11, 1, 5]
[1, 7, 5]
[4, 2, 13]
[0, 11, 1]
[0, 11, 12]
[4, 9, 6]
[14, 4, 0]
[1, 12, 6]
[11, 14, 5]
[5, 3, 1]
[3, 11, 1]
[11, 10, 7]
[2, 0, 4]
[6, 9, 14]
[6, 3, 11]
[0, 11, 13]
[1, 9, 8]
[4, 9, 7]
[8, 7, 12]
[11, 0, 5]
[11, 3, 4]
[7, 8, 1]
[4, 8, 6]
[3, 4, 6]
[2, 0, 1]
[2, 13, 6]
[3, 8, 13]
[3, 2, 10]
[8, 1, 7]
[7, 6, 9]
[5, 14, 1]
[3, 6, 0]
[14, 0, 9]
[1, 14, 6]
[14, 6, 13]
[9, 7, 14]
[3, 11, 9]
[13, 12, 9]
[12, 9, 6]
[14, 1, 7]
[12, 4, 8]
[7, 5, 12]
[1, 10, 3]
[12, 10, 5]
[10, 5, 8]
[10, 0, 4]
[2, 3, 5]
[11, 13, 14]
[11, 3, 5]
[4, 0, 3]
[12, 11, 14]
[12, 4, 5]
[6, 8, 14]
[2, 6, 7]
[7, 13, 11]
[10, 2, 5]
[9, 11, 4]
[14, 6, 4]
[8, 14, 1]
[9, 2, 11]
[4, 14, 3]
[13, 3, 10]
[5, 3, 11]
[3, 12, 8]
[10, 9, 7]
[8, 5, 10]
[11, 2, 1]
[0, 3, 9]
[6, 4, 10]
[0, 14, 6]
[2, 13, 9]
[6, 14, 10]
[11, 6, 12]
[0, 5, 11]
[13, 2, 6]
[14, 11, 8]
[12, 5, 6]
[9, 11, 7]
[13, 10, 5]
[0, 14, 11]
[0, 7, 6]
[0, 8, 2]
[11, 4, 1]
[4, 1, 11]
[0, 9, 5]
[7, 9, 10]
[11, 8, 10]
[7, 11, 4]
[9, 0, 6]
[11, 6, 5]
[14, 7, 6]
[10, 12, 3]
[2, 3, 11]
[12, 8, 3]
[9, 5, 13]
[0, 5, 9]
[1, 3, 6]
[14, 7, 8]
[0, 5, 4]
[9, 14, 7]
[4, 7, 2]
[9, 12, 14]
[8, 6, 13]
[1, 7, 11]
[8, 11, 1]
[2, 1, 8]
[13, 4, 2]
[11, 13, 7]
[1, 10, 2]
[7, 9, 1]
[6, 9, 7]
[6, 11, 14]
[1, 5, 11]
[3, 8, 14]
[4, 2, 5]
[8, 6, 5]
[6, 5, 1]
[6, 2, 14]
[8, 1, 11]
[7, 6, 12]
[10, 7, 2]
[1, 14, 0]
[0, 8, 12]
[13, 10, 12]
[12, 8, 1]
[5, 9, 2]
[1, 0, 4]
[14, 11, 12]
[1, 6, 12]
[13, 8, 1]
[14, 13, 4]
[1, 5, 13]
[13, 4, 6]
[8, 7, 5]
[14, 8, 3]
[3, 2, 12]
[7, 11, 8]
[6, 10, 7]
[11, 3, 2]
[5, 2, 7]
[3, 8, 9]
[1, 13, 10]
[11, 14, 6]
[10, 1, 13]
[5, 7, 0]
[5, 2, 1]
[14, 11, 0]
[13, 3, 1]
[10, 7, 14]
[8, 5, 14]
[2, 9, 3]
[4, 7, 8]
[4, 8, 5]
[12, 5, 9]
[7, 8, 12]
[11, 0, 3]
[10, 5, 0]
[2, 12, 1]
[8, 5, 12]
[7, 11, 1]
[9, 6, 3]
[2, 3, 4]
[9, 2, 6]
[6, 8, 10]
[13, 11, 1]
[10, 7, 6]
[8, 10, 7]
[6, 11, 8]
[13, 9, 14]
[13, 4, 9]
[9, 12, 6]
[3, 9, 8]
[4, 1, 7]
[14, 13, 5]
[3, 5, 8]
[0, 9, 14]
[0, 13, 4]
[6, 2, 12]
[4, 7, 1]
[2, 4, 9]
[6, 4, 2]
[8, 13, 5]
[9, 0, 8]
[10, 6, 8]
[13, 5, 7]
[12, 11, 2]
[13, 0, 5]
[0, 1, 5]
[7, 5, 1]
[2, 6, 9]
[12, 2, 3]
