P1,P2,...,Pn
[13, 6]
[2, 14]
[1, 0]
[6, 5]
[8, 9]
[7, 11]
[14, 5]
[11, 8]
[7, 4]
[2, 9]
[7, 1]
[2, 9]
[13, 8]
[11, 5]
[14, 3]
[6, 0]
[11, 14]
[0, 8]
[14, 11]
[12, 13]
[12, 6]
[8, 3]
[4, 6]
[10, 14]
[14, 12]
[13, 11]
[6, 13]
[2, 12]
[12, 3]
[9, 0]
[2, 1]
[1, 13]
[0, 14]
[11, 8]
[13, 14]
[14, 12]
[12, 4]
[0, 14]
[10, 4]
[6, 4]
[2, 12]
[1, 12]
[6, 9]
[11, 0]
[6, 8]
[9, 10]
[13, 3]
[0, 13]
[10, 3]
[2, 9]
[1, 0]
[9, 14]
[8, 6]
[13, 4]
[4, 13]
[3, 8]
[11, 4]
[12, 9]
[10, 4]
[13, 1]
[6, 1]
[4, 7]
[5, 13]
[2, 5]
[7, 4]
[8, 7]
[14, 4]
[5, 12]
[14, 2]
[12, 5]
[9, 1]
[7, 10]
[5, 0]
[5, 1]
[2, 8]
[8, 10]
[0, 8]
[1, 7]
[2, 4]
[1, 3]
[6, 3]
[13, 9]
[7, 0]
[3, 13]
[8, 2]
[10, 13]
[1, 12]
[13, 11]
[13, 11]
[10, 3]
[8, 0]
[12, 3]
[2, 10]
[12, 8]
[2, 0]
[7, 1]
[2, 0]
[4, 0]
[6, 9]
[12, 11]
[8, 1]
[3, 11]
[1, 4]
[1, 9]
[11, 9]
[14, 0]
[4, 9]
[7, 6]
[12, 2]
[14, 11]
[13, 14]
[6, 13]
[6, 1]
[7, 11]
[2, 0]
[0, 12]
[11, 0]
[10, 3]
[6, 1]
[5, 12]
[6, 14]
[7, 1]
[4, 14]
[4, 1]
[12, 2]
[14, 3]
[2, 0]
[10, 12]
[10, 3]
[7, 2]
[5, 3]
[5, 12]
[13, 5]
[9, 2]
[3, 14]
[7, 13]
[5, 4]
[4, 2]
[9, 4]
[5, 0]
[3, 13]
[3, 11]
[14, 2]
[5, 11]
[3, 0]
[7, 4]
[1, 8]
[4, 5]
[8, 14]
[9, 0]
[5, 12]
[5, 0]
[3, 4]
[11, 5]
[8, 11]
[4, 0]
[1, 10]
[7, 1]
[14, 13]
[4, 14]
[8, 2]
[3, 10]
[12, 8]
[5, 6]
[1, 4]
[9, 6]
[12, 0]
[1, 8]
[12, 11]
[5, 2]
[11, 9]
[5, 2]
[2, 10]
[9, 3]
[11, 7]
[7, 5]
[10, 12]
[13, 12]
[3, 0]
[6, 8]
[3, 4]
[14, 11]
[11, 1]
[12, 9]
[8, 3]
[2, 1]
[0, 4]
[10, 14]
[1, 4]
[3, 12]
[4, 9]
[13, 2]
[7, 1]
[13, 8]
[2, 10]
[13, 1]
[13, 4]
[0, 7]
[3, 7]
[2, 10]
[12, 14]
[12, 8]
[2, 3]
[8, 1]
[10, 5]
[7, 6]
[13, 1]
[7, 2]
[14, 11]
[12, 5]
[4, 1]
[7, 8]
[0, 4]
[5, 14]
[0, 4]
[14, 12]
[0, 9]
[0, 4]
[9, 1]
[2, 9]
[9, 5]
