P1,P2,...,Pn
[6, 10]
[0, 8]
[8, 9]
[7, 13]
[1, 0]
[1, 8]
[13, 4]
[9, 4]
[1, 7]
[9, 4]
[10, 2]
[5, 3]
[7, 8]
[9, 3]
[1, 8]
[7, 14]
[9, 2]
[9, 13]
[3, 4]
[0, 2]
[4, 2]
[5, 0]
[4, 5]
[1, 3]
[1, 13]
[1, 10]
[2, 6]
[12, 3]
[6, 10]
[7, 14]
[8, 13]
[11, 7]
[10, 14]
[11, 9]
[3, 13]
[5, 7]
[5, 6]
[6, 8]
[5, 4]
[9, 1]
[11, 13]
[10, 9]
[0, 6]
[7, 14]
[5, 12]
[8, 10]
[10, 12]
[7, 0]
[13, 14]
[1, 7]
[4, 10]
[0, 6]
[9, 0]
[14, 11]
[5, 10]
[10, 14]
[3, 6]
[11, 6]
[8, 0]
[14, 1]
[5, 13]
[3, 8]
[3, 6]
[6, 8]
[3, 2]
[0, 7]
[8, 4]
[12, 5]
[3, 0]
[6, 2]
[11, 0]
[4, 8]
[13, 10]
[10, 5]
[7, 0]
[12, 13]
[14, 5]
[4, 8]
[5, 0]
[9, 13]
[6, 1]
[5, 0]
[2, 13]
[6, 12]
[12, 2]
[11, 14]
[5, 0]
[10, 7]
[8, 7]
[3, 14]
[4, 7]
[13, 10]
[8, 1]
[4, 3]
[0, 11]
[10, 7]
[6, 13]
[8, 10]
[12, 14]
[8, 6]
[7, 11]
[9, 8]
[9, 11]
[1, 4]
[13, 11]
[10, 9]
[4, 8]
[13, 2]
[9, 8]
[5, 9]
[1, 14]
[7, 9]
[5, 1]
[11, 14]
[6, 3]
[5, 14]
[11, 14]
[2, 6]
[1, 3]
[14, 0]
[2, 13]
[4, 1]
[12, 11]
[4, 1]
[3, 11]
[3, 5]
[4, 5]
[7, 13]
[2, 9]
[10, 3]
[12, 3]
[0, 5]
[8, 13]
[1, 9]
[6, 11]
[8, 0]
[14, 12]
[14, 11]
[9, 14]
[0, 9]
[9, 6]
[6, 11]
[5, 14]
[8, 12]
[14, 1]
[14, 10]
[3, 8]
[14, 9]
[9, 3]
[12, 1]
[12, 6]
[2, 7]
[7, 10]
[5, 4]
[10, 14]
[13, 10]
[3, 10]
[0, 10]
[5, 10]
[0, 9]
[7, 3]
[10, 6]
[2, 7]
[12, 8]
[4, 12]
[7, 1]
[10, 7]
[10, 2]
[12, 7]
[8, 0]
[8, 0]
[10, 0]
[11, 1]
[12, 14]
[8, 6]
[7, 0]
[4, 9]
[2, 10]
[9, 10]
[14, 10]
[12, 2]
[8, 13]
[2, 3]
[0, 13]
[8, 0]
[12, 0]
[6, 7]
[1, 3]
[4, 11]
[5, 9]
[0, 3]
[13, 6]
[9, 13]
[12, 14]
[10, 7]
[2, 0]
[3, 0]
[5, 12]
[4, 7]
[6, 5]
