P1,P2,...,Pn
[14, 10]
[2, 4]
[14, 3]
[10, 13]
[3, 9]
[2, 13]
[6, 14]
[2, 14]
[1, 14]
[9, 11]
[6, 7]
[10, 8]
[14, 9]
[2, 11]
[2, 7]
[14, 1]
[4, 9]
[9, 14]
[9, 14]
[9, 1]
[12, 4]
[3, 12]
[7, 2]
[0, 7]
[3, 1]
[8, 10]
[9, 14]
[4, 8]
[10, 9]
[0, 2]
[11, 0]
[10, 7]
[0, 10]
[13, 1]
[10, 4]
[0, 7]
[0, 11]
[14, 10]
[13, 10]
[1, 6]
[6, 4]
[4, 8]
[1, 13]
[13, 0]
[0, 3]
[7, 13]
[8, 10]
[1, 13]
[6, 7]
[11, 5]
[9, 2]
[9, 8]
[3, 2]
[7, 5]
[14, 3]
[9, 11]
[5, 9]
[4, 9]
[3, 1]
[3, 0]
[0, 14]
[2, 14]
[5, 7]
[11, 3]
[2, 5]
[6, 5]
[7, 1]
[5, 0]
[6, 7]
[10, 6]
[9, 2]
[2, 14]
[7, 9]
[9, 7]
[10, 4]
[3, 6]
[5, 7]
[1, 6]
[0, 10]
[4, 9]
[10, 12]
[2, 3]
[5, 12]
[5, 9]
[6, 12]
[0, 10]
[3, 8]
[6, 3]
[14, 2]
[7, 6]
[10, 4]
[14, 7]
[10, 11]
[9, 0]
[6, 8]
[14, 7]
[14, 11]
[12, 10]
[0, 12]
[1, 0]
[8, 10]
[12, 8]
[9, 14]
[6, 10]
[10, 7]
[1, 4]
[5, 1]
[7, 4]
[6, 14]
[10, 6]
[13, 14]
[6, 4]
[10, 7]
[8, 4]
[3, 13]
[1, 14]
[12, 8]
[11, 4]
[5, 3]
[7, 8]
[8, 3]
[7, 12]
[0, 14]
[5, 10]
[11, 0]
[0, 11]
[2, 14]
[8, 2]
[1, 7]
[4, 9]
[6, 7]
[0, 1]
[14, 12]
[7, 13]
[8, 12]
[8, 0]
[14, 10]
[3, 14]
[12, 0]
[3, 13]
[13, 1]
[3, 9]
[14, 8]
[2, 5]
[6, 11]
[2, 7]
[5, 2]
[13, 11]
[13, 8]
[10, 8]
[11, 8]
[4, 12]
[8, 5]
[11, 7]
[2, 14]
[10, 12]
[12, 7]
[7, 6]
[7, 9]
[0, 8]
[6, 7]
[11, 13]
[11, 7]
[3, 2]
[7, 10]
[11, 0]
[2, 9]
[0, 5]
[9, 11]
[9, 14]
[9, 0]
[14, 11]
[9, 12]
[10, 9]
[12, 3]
[1, 14]
[1, 3]
[13, 2]
[2, 6]
[5, 8]
[14, 12]
[8, 13]
[7, 4]
[0, 2]
[0, 11]
[12, 3]
[1, 2]
[4, 8]
[6, 4]
[2, 13]
[3, 13]
[1, 13]
[9, 0]
[2, 4]
[13, 10]
[5, 0]
[5, 8]
[8, 13]
[2, 12]
[13, 14]
[4, 9]
[12, 2]
[5, 8]
[7, 9]
[10, 11]
[6, 8]
[9, 7]
[9, 3]
[0, 3]
[14, 1]
[8, 7]
[3, 12]
[9, 12]
[12, 7]
[3, 13]
[5, 1]
[11, 4]
[5, 10]
[13, 11]
[8, 11]
[7, 13]
[9, 8]
[8, 10]
[5, 10]
[14, 12]
[4, 5]
[11, 14]
[0, 6]
[6, 10]
[4, 2]
[2, 8]
[6, 13]
[6, 8]
[11, 9]
[4, 2]
[8, 11]
[10, 7]
[2, 4]
[1, 6]
[4, 12]
[8, 7]
[7, 3]
[1, 3]
[8, 11]
[13, 3]
[4, 5]
[4, 0]
[3, 7]
[11, 13]
[14, 3]
[7, 8]
[7, 0]
[4, 6]
[0, 14]
[8, 10]
[8, 7]
[9, 1]
[6, 5]
[1, 4]
[7, 0]
[9, 0]
[5, 1]
[5, 14]
[3, 14]
[10, 14]
[12, 0]
[14, 11]
[5, 10]
[0, 13]
[3, 13]
[4, 11]
[0, 6]
[11, 1]
[6, 7]
[14, 1]
[5, 8]
[0, 12]
[11, 13]
[6, 9]
[7, 9]
[10, 8]
[6, 1]
[7, 1]
[11, 1]
[6, 7]
[10, 9]
[2, 3]
[3, 4]
[10, 4]
[5, 1]
[7, 0]
[12, 0]
[13, 11]
[14, 7]
[5, 6]
[13, 12]
[11, 4]
[8, 12]
[1, 7]
[10, 8]
[7, 12]
[8, 5]
