P1,P2,...,Pn
[9, 0, 3]
[12, 0, 5]
[8, 1, 6]
[11, 13, 4]
[9, 10, 4]
[6, 11, 14]
[8, 10, 0]
[6, 11, 1]
[0, 8, 7]
[9, 3, 0]
[6, 8, 7]
[8, 0, 9]
[8, 1, 6]
[7, 8, 6]
[2, 13, 5]
[13, 0, 10]
[5, 10, 1]
[14, 7, 13]
[11, 7, 0]
[5, 3, 0]
[12, 11, 3]
[4, 2, 1]
[2, 14, 9]
[8, 12, 11]
[13, 0, 2]
[4, 2, 8]
[3, 8, 11]
[4, 3, 10]
[14, 9, 10]
[6, 11, 14]
[2, 4, 9]
[4, 6, 1]
[9, 11, 14]
[12, 9, 0]
[13, 6, 14]
[6, 9, 13]
[0, 13, 11]
[4, 13, 3]
[4, 9, 13]
[9, 4, 0]
[14, 10, 7]
[9, 7, 2]
[7, 3, 11]
[3, 1, 10]
[13, 8, 10]
[11, 9, 5]
[1, 11, 7]
[12, 6, 2]
[13, 8, 0]
[3, 5, 9]
[3, 7, 12]
[13, 2, 10]
[14, 7, 0]
[11, 14, 13]
[0, 13, 2]
[5, 2, 1]
[4, 7, 10]
[1, 10, 3]
[1, 10, 11]
[13, 2, 1]
[13, 11, 8]
[10, 2, 4]
[3, 5, 0]
[14, 3, 2]
[12, 4, 7]
[6, 9, 11]
[4, 10, 12]
[7, 9, 12]
[2, 4, 9]
[2, 5, 12]
[2, 6, 12]
[5, 11, 2]
[14, 7, 0]
[11, 0, 4]
[6, 3, 13]
[2, 8, 5]
[12, 2, 9]
[5, 2, 9]
[8, 11, 9]
[9, 3, 10]
[5, 0, 6]
[7, 8, 6]
[11, 0, 6]
[5, 13, 7]
[13, 12, 6]
[12, 6, 11]
[6, 11, 8]
[0, 7, 1]
[5, 9, 14]
[9, 7, 5]
[7, 14, 4]
[14, 9, 4]
[7, 3, 14]
[13, 12, 5]
[5, 0, 9]
[5, 10, 8]
[8, 14, 12]
[8, 11, 9]
[3, 9, 11]
[12, 0, 5]
[4, 6, 5]
[7, 5, 8]
[14, 10, 9]
[5, 14, 8]
[13, 6, 3]
[2, 0, 8]
[10, 8, 5]
[14, 7, 8]
[1, 3, 7]
[12, 13, 8]
[1, 6, 12]
[12, 6, 7]
[10, 14, 7]
[12, 5, 14]
[2, 1, 6]
[3, 5, 11]
[9, 4, 5]
[9, 14, 1]
[0, 2, 1]
[14, 4, 1]
[7, 8, 9]
[6, 11, 10]
[10, 3, 11]
[7, 3, 6]
[3, 13, 5]
[1, 0, 10]
[9, 13, 12]
[4, 9, 12]
