P1,P2,...,Pn
[7, 11, 12]
[14, 6, 1]
[10, 1, 12]
[9, 2, 13]
[0, 5, 10]
[4, 3, 9]
[9, 11, 5]
[2, 6, 0]
[10, 2, 12]
[6, 14, 7]
[7, 2, 9]
[9, 3, 7]
[13, 9, 5]
[13, 5, 4]
[6, 11, 5]
[11, 5, 9]
[2, 11, 4]
[7, 11, 6]
[14, 11, 10]
[8, 13, 1]
[11, 12, 2]
[5, 7, 0]
[4, 2, 1]
[14, 11, 2]
[2, 8, 12]
[0, 9, 8]
[12, 11, 4]
[8, 1, 9]
[5, 3, 0]
[14, 7, 13]
[12, 4, 11]
[14, 11, 10]
[7, 11, 5]
[14, 4, 9]
[9, 6, 4]
[14, 4, 12]
[13, 7, 9]
[0, 6, 3]
[8, 14, 3]
[5, 8, 12]
[2, 4, 5]
[3, 7, 5]
[14, 9, 6]
[0, 9, 5]
[14, 12, 0]
[0, 11, 14]
[12, 6, 11]
[12, 6, 7]
[12, 9, 2]
[12, 1, 6]
[14, 9, 8]
[11, 6, 5]
[5, 12, 7]
[13, 3, 8]
[12, 8, 4]
[1, 11, 13]
[12, 0, 5]
[0, 7, 6]
[4, 13, 1]
[6, 5, 11]
[9, 13, 5]
[6, 4, 9]
[8, 10, 4]
[4, 3, 13]
[7, 3, 9]
[14, 6, 10]
[2, 5, 10]
[10, 14, 9]
[10, 4, 8]
[1, 13, 10]
[5, 2, 1]
[11, 8, 6]
[14, 2, 12]
[9, 6, 3]
[11, 8, 9]
[3, 0, 12]
[12, 4, 1]
[14, 2, 1]
[8, 1, 7]
[14, 11, 6]
[3, 4, 11]
[14, 9, 11]
[14, 13, 10]
[7, 9, 5]
[10, 9, 4]
[11, 4, 2]
[9, 10, 11]
[2, 7, 3]
[7, 8, 12]
[1, 0, 3]
[7, 2, 5]
[14, 12, 13]
[14, 11, 0]
[9, 12, 0]
[13, 10, 2]
[12, 6, 4]
[2, 13, 10]
[0, 3, 7]
[2, 11, 9]
[4, 2, 11]
[10, 8, 1]
[0, 6, 8]
[3, 12, 13]
[4, 7, 8]
[9, 3, 0]
[13, 3, 8]
[2, 5, 7]
[0, 7, 9]
[11, 14, 2]
[7, 3, 14]
[11, 12, 5]
[8, 12, 6]
[1, 0, 8]
[3, 1, 8]
[1, 8, 6]
[4, 14, 10]
[9, 11, 13]
[2, 4, 13]
[11, 7, 4]
[14, 4, 0]
[1, 8, 7]
[12, 1, 11]
[3, 11, 2]
[0, 13, 4]
[12, 6, 9]
[11, 13, 7]
[5, 2, 9]
[8, 3, 2]
[13, 10, 7]
[11, 2, 3]
[13, 12, 14]
[8, 9, 12]
[4, 12, 13]
[9, 11, 0]
[3, 1, 7]
[8, 5, 9]
[13, 10, 1]
[2, 0, 8]
[7, 9, 1]
[8, 0, 12]
[8, 9, 3]
[9, 2, 5]
[12, 3, 2]
[4, 1, 12]
[7, 4, 10]
[0, 1, 10]
[0, 11, 8]
[5, 2, 14]
[6, 12, 14]
[5, 3, 14]
[13, 8, 11]
[5, 14, 2]
[2, 8, 14]
[14, 8, 5]
[1, 2, 6]
[1, 6, 3]
[13, 4, 7]
[6, 0, 1]
[3, 8, 10]
[2, 0, 6]
[7, 9, 6]
[12, 8, 13]
[9, 6, 12]
[11, 9, 5]
[1, 11, 6]
[11, 2, 14]
[9, 0, 4]
[8, 2, 0]
[13, 5, 4]
[10, 6, 9]
[11, 2, 13]
[1, 13, 7]
[11, 13, 4]
[3, 10, 7]
[11, 10, 13]
[5, 1, 0]
[12, 13, 14]
[10, 0, 7]
[8, 1, 2]
[13, 7, 9]
[10, 12, 6]
[1, 3, 14]
[11, 5, 12]
[6, 14, 10]
[10, 12, 8]
[12, 4, 5]
[3, 8, 12]
[14, 10, 3]
[10, 14, 9]
[11, 4, 5]
[10, 5, 12]
[7, 3, 8]
[13, 3, 7]
[6, 2, 0]
[9, 13, 0]
[10, 9, 7]
[1, 0, 7]
[6, 7, 1]
[11, 1, 4]
[10, 5, 2]
[13, 6, 10]
[10, 9, 14]
[5, 2, 0]
[0, 11, 3]
[7, 11, 13]
[2, 12, 9]
[12, 8, 10]
[4, 0, 10]
[11, 4, 10]
[2, 0, 5]
[9, 2, 0]
[12, 11, 8]
[7, 3, 0]
[3, 4, 1]
[10, 3, 2]
[8, 5, 7]
[8, 10, 14]
[5, 6, 10]
[8, 13, 11]
[11, 14, 12]
