P1,P2,...,Pn
[9, 6, 8]
[9, 8, 10]
[12, 5, 14]
[6, 4, 7]
[10, 3, 14]
[12, 2, 7]
[2, 12, 9]
[9, 6, 12]
[12, 6, 8]
[1, 9, 8]
[12, 5, 14]
[1, 6, 11]
[11, 9, 3]
[12, 5, 4]
[9, 13, 2]
[14, 3, 0]
[0, 12, 2]
[0, 7, 2]
[13, 2, 0]
[0, 1, 6]
[8, 7, 10]
[1, 3, 13]
[13, 9, 8]
[12, 8, 13]
[4, 12, 7]
[5, 8, 1]
[4, 12, 10]
[13, 0, 1]
[2, 10, 9]
[0, 3, 11]
[5, 4, 8]
[5, 11, 10]
[9, 10, 14]
[12, 8, 6]
[12, 4, 8]
[8, 0, 9]
[10, 2, 7]
[6, 9, 12]
[10, 2, 0]
[5, 7, 0]
[9, 2, 13]
[13, 8, 2]
[11, 4, 6]
[1, 10, 2]
[6, 5, 10]
[9, 10, 12]
[10, 8, 7]
[4, 2, 3]
[12, 9, 3]
[8, 2, 6]
[4, 8, 1]
[8, 7, 3]
[4, 1, 9]
[3, 5, 8]
[0, 3, 13]
[6, 9, 10]
[14, 0, 13]
[13, 7, 10]
[7, 12, 10]
[4, 12, 2]
[8, 6, 11]
[1, 12, 3]
[11, 4, 1]
[10, 2, 5]
[9, 8, 11]
[12, 8, 1]
[5, 4, 2]
[10, 3, 4]
[3, 10, 0]
[12, 13, 0]
[8, 5, 4]
[5, 12, 3]
[9, 6, 8]
[14, 8, 7]
[4, 0, 7]
[0, 5, 1]
[5, 6, 4]
[2, 14, 3]
[9, 2, 7]
[12, 14, 0]
[9, 3, 11]
[10, 8, 1]
[10, 6, 7]
[14, 6, 13]
[0, 7, 9]
[1, 5, 12]
[7, 14, 11]
[6, 4, 3]
[11, 10, 6]
[6, 14, 10]
[5, 6, 9]
[5, 0, 14]
[8, 1, 4]
[2, 0, 8]
[1, 0, 9]
[8, 2, 7]
[2, 1, 11]
[8, 6, 11]
[9, 6, 14]
[9, 3, 4]
[1, 2, 0]
[1, 2, 6]
[7, 0, 8]
[9, 4, 3]
[8, 7, 13]
[3, 10, 4]
[2, 6, 10]
[13, 0, 3]
[8, 11, 12]
[3, 6, 0]
[1, 10, 5]
[12, 2, 6]
[2, 8, 10]
[7, 13, 14]
[3, 7, 0]
[6, 1, 9]
[1, 4, 11]
[14, 11, 2]
[4, 13, 3]
[5, 14, 2]
[10, 9, 1]
[9, 14, 11]
[0, 11, 8]
[14, 13, 12]
[7, 11, 0]
[3, 4, 7]
[11, 12, 0]
[11, 5, 3]
[9, 5, 8]
[9, 0, 13]
[1, 0, 5]
[9, 6, 10]
[10, 9, 8]
[10, 14, 9]
[8, 10, 12]
[11, 10, 7]
[3, 5, 2]
[4, 9, 3]
[5, 1, 2]
[3, 4, 11]
[9, 1, 3]
[1, 13, 2]
[10, 0, 12]
[9, 3, 4]
[0, 11, 4]
[14, 12, 3]
[3, 10, 13]
[1, 9, 11]
[6, 7, 8]
