P1,P2,...,Pn
[8]
[6]
[3]
[6]
[12]
[11]
[13]
[9]
[6]
[2]
[14]
[8]
[6]
[14]
[1]
[6]
[8]
[7]
[0]
[11]
[3]
[0]
[6]
[10]
[11]
[7]
[13]
[8]
[7]
[8]
[5]
[6]
[4]
[3]
[2]
[5]
[4]
[10]
[0]
[6]
[14]
[2]
[14]
[11]
[11]
[7]
[14]
[4]
[11]
[12]
[14]
[3]
[13]
[1]
[12]
[1]
[10]
[0]
[8]
[9]
[8]
[12]
[3]
[0]
[10]
[8]
[6]
[0]
[3]
[7]
[13]
[11]
[14]
[3]
[4]
[1]
[13]
[9]
[5]
[2]
[0]
[10]
[6]
[0]
[7]
[5]
[3]
[9]
[12]
[3]
[2]
[14]
[14]
[0]
[7]
[1]
[13]
[7]
[3]
[10]
[6]
[1]
[14]
[11]
[7]
[6]
[3]
[4]
[0]
[9]
[11]
[0]
[5]
[7]
[5]
[11]
[8]
[6]
[10]
[6]
[14]
[0]
[0]
[7]
[14]
[4]
[0]
[14]
[7]
[5]
[6]
[11]
[12]
[2]
[12]
[14]
[10]
[4]
[8]
[7]
[13]
[5]
[12]
[8]
[9]
[3]
[7]
[3]
[2]
[0]
[14]
[8]
[6]
[14]
[1]
[14]
[12]
[3]
[8]
[5]
[9]
[10]
[7]
[14]
[8]
[10]
[1]
[3]
[9]
[6]
[1]
[2]
[0]
[10]
[4]
[8]
[11]
[3]
[7]
[1]
[12]
[2]
[13]
[3]
[13]
[3]
[10]
[13]
[9]
[3]
[4]
[4]
[1]
[11]
[12]
[8]
[14]
[7]
[10]
[7]
[8]
[8]
