P1,P2,...,Pn
[13, 9]
[14, 4]
[1, 2]
[9, 1]
[2, 13]
[9, 1]
[7, 3]
[3, 0]
[13, 4]
[4, 3]
[2, 11]
[1, 3]
[11, 8]
[1, 3]
[14, 13]
[10, 7]
[3, 13]
[7, 5]
[10, 6]
[8, 9]
[0, 1]
[6, 0]
[1, 13]
[12, 6]
[12, 3]
[8, 14]
[0, 13]
[11, 3]
[14, 0]
[12, 3]
[12, 5]
[4, 14]
[5, 0]
[10, 9]
[1, 12]
[1, 14]
[0, 5]
[1, 9]
[12, 9]
[8, 14]
[9, 5]
[14, 9]
[11, 9]
[14, 2]
[11, 4]
[11, 12]
[8, 1]
[8, 9]
[6, 7]
[1, 4]
[7, 13]
[13, 1]
[3, 10]
[1, 7]
[1, 9]
[12, 8]
[1, 0]
[2, 7]
[2, 4]
[9, 4]
[2, 9]
[11, 6]
[3, 1]
[2, 7]
[14, 7]
[14, 13]
[8, 12]
[0, 13]
[4, 7]
[0, 10]
[11, 8]
[0, 14]
[6, 11]
[2, 9]
[7, 13]
[14, 3]
[4, 14]
[3, 1]
[2, 3]
[13, 2]
[11, 3]
[0, 8]
[11, 8]
[11, 8]
[12, 9]
[13, 2]
[0, 6]
[11, 14]
[8, 7]
[13, 7]
[1, 3]
[5, 0]
[7, 1]
[9, 13]
[7, 8]
[11, 8]
[7, 0]
[7, 6]
[8, 3]
[4, 13]
[0, 14]
[8, 6]
[11, 14]
[13, 5]
[3, 0]
[13, 0]
[6, 8]
[1, 10]
[2, 11]
[2, 6]
[13, 2]
[3, 14]
[0, 2]
[2, 11]
[7, 9]
[4, 1]
[5, 0]
[7, 13]
[14, 6]
[0, 13]
[5, 8]
[8, 6]
[4, 6]
[8, 7]
[0, 7]
[0, 14]
[7, 12]
[2, 6]
[0, 10]
[4, 14]
[2, 1]
[4, 0]
[4, 10]
[14, 3]
[13, 5]
[1, 13]
[1, 2]
[14, 13]
[2, 10]
[6, 8]
[9, 1]
[2, 9]
[13, 8]
[10, 6]
[7, 12]
[13, 5]
[12, 13]
[2, 11]
[8, 12]
[9, 13]
