P1,P2,...,Pn
[6, 10, 11]
[2, 6, 7]
[3, 7, 4]
[0, 2, 1]
[4, 8, 3]
[10, 3, 1]
[11, 14, 3]
[4, 8, 10]
[8, 6, 3]
[14, 12, 8]
[7, 13, 14]
[13, 4, 1]
[1, 12, 3]
[9, 11, 1]
[8, 4, 10]
[9, 6, 1]
[10, 13, 5]
[14, 8, 2]
[3, 7, 13]
[6, 7, 4]
[10, 1, 9]
[13, 7, 3]
[1, 13, 9]
[0, 8, 10]
[4, 0, 7]
[8, 7, 1]
[14, 3, 6]
[1, 7, 6]
[4, 9, 12]
[13, 2, 1]
[11, 8, 14]
[10, 14, 9]
[13, 9, 3]
[7, 13, 9]
[6, 7, 14]
[8, 1, 9]
[9, 12, 11]
[4, 11, 14]
[0, 10, 14]
[5, 14, 4]
[5, 7, 6]
[5, 1, 7]
[8, 9, 11]
[2, 14, 8]
[13, 6, 3]
[14, 3, 13]
[6, 4, 13]
[4, 5, 3]
[10, 5, 9]
[13, 14, 8]
[8, 1, 6]
[1, 0, 12]
[5, 1, 3]
[4, 9, 3]
[4, 10, 12]
[1, 14, 3]
[6, 4, 9]
[11, 13, 10]
[4, 1, 13]
[1, 12, 6]
[2, 14, 7]
[0, 7, 3]
[10, 7, 3]
[8, 5, 7]
[7, 4, 14]
[6, 13, 8]
[0, 4, 13]
[1, 8, 3]
[0, 8, 10]
[8, 6, 14]
[13, 10, 7]
[1, 13, 14]
[11, 10, 6]
[8, 11, 12]
[13, 2, 6]
[12, 11, 0]
[4, 14, 7]
[10, 8, 6]
[11, 13, 6]
[14, 10, 6]
[4, 10, 14]
[3, 14, 13]
[5, 2, 11]
[3, 7, 6]
[0, 3, 13]
[3, 4, 13]
[7, 1, 3]
[11, 1, 10]
[2, 8, 1]
[9, 11, 6]
[8, 0, 14]
[7, 1, 9]
[9, 2, 7]
[14, 1, 4]
[12, 3, 1]
[0, 9, 11]
[8, 3, 14]
[11, 9, 13]
[8, 7, 3]
[6, 0, 14]
[4, 0, 9]
[8, 14, 11]
[2, 9, 8]
[0, 12, 1]
[4, 11, 3]
[5, 0, 11]
[6, 4, 11]
[2, 4, 5]
[12, 4, 6]
[8, 7, 6]
[11, 12, 9]
[0, 12, 8]
[4, 2, 6]
[9, 11, 6]
[8, 0, 11]
[8, 12, 5]
[9, 4, 13]
[13, 14, 3]
[13, 14, 0]
[4, 9, 11]
[8, 0, 1]
[11, 4, 14]
[7, 9, 2]
[11, 9, 14]
[4, 0, 3]
[5, 11, 2]
[0, 11, 14]
[10, 1, 14]
[8, 4, 13]
[3, 2, 1]
[0, 7, 6]
[7, 13, 3]
[7, 10, 12]
[5, 10, 11]
[11, 4, 12]
[14, 13, 11]
[12, 5, 0]
[14, 7, 6]
[13, 6, 11]
[10, 7, 1]
[11, 10, 0]
[11, 10, 0]
[7, 8, 0]
[3, 0, 6]
[8, 9, 4]
[7, 4, 3]
[5, 11, 10]
[12, 0, 5]
[2, 12, 1]
[14, 13, 1]
[12, 11, 13]
[13, 0, 4]
[14, 0, 2]
[12, 2, 1]
[12, 3, 0]
[9, 6, 11]
[0, 13, 8]
[4, 10, 0]
[11, 12, 8]
[11, 3, 6]
[12, 9, 7]
[6, 11, 4]
[3, 1, 6]
[5, 2, 6]
[1, 5, 6]
[6, 8, 3]
[11, 3, 14]
[5, 4, 11]
[10, 8, 12]
[10, 5, 12]
[8, 4, 2]
[7, 11, 13]
[12, 7, 11]
[6, 8, 3]
[12, 1, 13]
[6, 0, 11]
[0, 10, 7]
[6, 13, 12]
[3, 7, 2]
[11, 5, 6]
[10, 4, 12]
[3, 11, 6]
[11, 10, 0]
[12, 3, 8]
[7, 9, 6]
[7, 10, 11]
[1, 0, 11]
[14, 5, 7]
[5, 8, 3]
[4, 8, 3]
[11, 10, 8]
[4, 2, 11]
[7, 5, 10]
[8, 1, 5]
[0, 2, 1]
[3, 2, 5]
[7, 1, 0]
[0, 5, 13]
[13, 5, 10]
[13, 10, 7]
[0, 12, 11]
[9, 12, 8]
[8, 3, 12]
[5, 4, 2]
[1, 9, 13]
[1, 3, 9]
[11, 14, 12]
[11, 3, 1]
