P1,P2,...,Pn
[9, 14, 2]
[6, 14, 9]
[9, 0, 3]
[5, 8, 11]
[8, 6, 11]
[0, 6, 1]
[10, 1, 0]
[4, 9, 12]
[7, 4, 1]
[7, 8, 6]
[5, 14, 9]
[1, 14, 2]
[13, 3, 6]
[9, 3, 0]
[7, 13, 0]
[12, 4, 8]
[6, 12, 14]
[2, 7, 0]
[8, 1, 3]
[14, 13, 5]
[5, 2, 14]
[2, 8, 12]
[10, 11, 9]
[2, 8, 11]
[8, 4, 3]
[3, 12, 0]
[10, 2, 9]
[10, 11, 4]
[12, 6, 3]
[0, 1, 11]
[2, 14, 6]
[2, 11, 9]
[4, 2, 7]
[10, 9, 13]
[14, 6, 3]
[0, 10, 6]
[14, 3, 5]
[1, 2, 8]
[2, 6, 3]
[3, 2, 5]
[9, 6, 8]
[12, 1, 3]
[4, 5, 1]
[7, 2, 12]
[5, 10, 3]
[1, 7, 4]
[13, 4, 12]
[8, 7, 11]
[0, 8, 4]
[3, 1, 0]
[9, 11, 12]
[3, 8, 7]
[14, 0, 11]
[8, 0, 12]
[6, 11, 14]
[12, 4, 5]
[1, 13, 5]
[3, 1, 8]
[6, 1, 4]
[11, 10, 14]
