P1,P2,...,Pn
[11]
[1]
[7]
[8]
[5]
[2]
[12]
[7]
[9]
[5]
[6]
[5]
[5]
[2]
[9]
[5]
[13]
[0]
[12]
[1]
[9]
[1]
[13]
[7]
[10]
[1]
[7]
[3]
[4]
[4]
[6]
[10]
[0]
[6]
[4]
[9]
[14]
[12]
[9]
[6]
[5]
[0]
[9]
[0]
[13]
[7]
[2]
[5]
[11]
[5]
[2]
[2]
[1]
[3]
[14]
[14]
[9]
[13]
[9]
[6]
[12]
[2]
[10]
[3]
[14]
[2]
[11]
[6]
[10]
[0]
[7]
[3]
[12]
[6]
[12]
[6]
[4]
[0]
[7]
[0]
[6]
[4]
[11]
[7]
[8]
[11]
[10]
[9]
[5]
[4]
[11]
[11]
[8]
[7]
[14]
[3]
[0]
[14]
[13]
[14]
[14]
[0]
[0]
[7]
[11]
[5]
[13]
[4]
[14]
[9]
[14]
[4]
[14]
[7]
[10]
[5]
[1]
[3]
[8]
[12]
[8]
[14]
[8]
[7]
[6]
[1]
[12]
[14]
[7]
[6]
[7]
[12]
[7]
[9]
[7]
[11]
[13]
[8]
[13]
[4]
[2]
[5]
[13]
[3]
[6]
[4]
[6]
[14]
[5]
[1]
[7]
[1]
[8]
[6]
[3]
[12]
[13]
[4]
[1]
[5]
[10]
[8]
[0]
[1]
[11]
[6]
[0]
[6]
[6]
[14]
[12]
[1]
[3]
[1]
[13]
[1]
[0]
[12]
[12]
[9]
[8]
