P1,P2,...,Pn
[12, 13]
[11, 4]
[3, 10]
[11, 3]
[6, 7]
[6, 7]
[6, 8]
[3, 10]
[7, 12]
[11, 6]
[3, 1]
[3, 14]
[10, 11]
[12, 3]
[11, 14]
[5, 4]
[5, 12]
[13, 4]
[2, 0]
[4, 14]
[11, 9]
[7, 5]
[11, 6]
[10, 14]
[12, 7]
[12, 3]
[14, 0]
[7, 9]
[12, 10]
[7, 12]
[12, 9]
[10, 14]
[1, 9]
[12, 7]
[10, 9]
[1, 4]
[12, 10]
[8, 3]
[12, 9]
[0, 6]
[13, 11]
[11, 6]
[3, 5]
[14, 7]
[5, 7]
[6, 8]
[6, 3]
[1, 4]
[11, 7]
[6, 0]
[1, 7]
[10, 14]
[6, 2]
[1, 0]
[6, 5]
[13, 14]
[5, 3]
[14, 12]
[0, 11]
[0, 9]
[11, 13]
[8, 12]
[11, 1]
[1, 2]
[5, 12]
[9, 7]
[8, 10]
[9, 10]
[3, 1]
[0, 1]
[0, 14]
[14, 4]
[13, 9]
[12, 8]
[10, 12]
[12, 11]
[1, 8]
[2, 14]
[11, 7]
[2, 0]
[11, 8]
[12, 10]
[2, 4]
[5, 12]
[13, 1]
[10, 2]
[7, 9]
[0, 3]
[7, 8]
[11, 3]
[0, 1]
[9, 3]
[1, 11]
[14, 13]
[9, 5]
[10, 0]
[0, 9]
[10, 7]
[2, 11]
[6, 14]
[4, 10]
[0, 9]
[5, 13]
[0, 1]
[12, 14]
[3, 14]
[3, 13]
[11, 0]
[14, 12]
[4, 14]
[7, 2]
[11, 9]
[1, 2]
[2, 7]
[12, 11]
[10, 2]
[1, 6]
[9, 10]
[14, 2]
[13, 8]
[8, 6]
[8, 12]
[12, 1]
[1, 4]
[13, 3]
[5, 8]
[9, 2]
[10, 7]
[2, 10]
[6, 0]
[9, 12]
[3, 11]
[7, 8]
[12, 11]
[9, 10]
[14, 10]
[6, 12]
[1, 3]
[13, 0]
[10, 2]
[10, 3]
[0, 14]
[0, 14]
[11, 3]
[5, 10]
[13, 10]
[13, 8]
[8, 5]
[14, 1]
[5, 2]
[1, 5]
[10, 8]
[2, 14]
[4, 1]
[14, 8]
[7, 12]
[5, 10]
[9, 14]
[8, 6]
[14, 13]
[0, 10]
[6, 7]
[2, 6]
[12, 14]
[7, 6]
[1, 10]
[5, 7]
[5, 13]
[1, 11]
[8, 4]
[4, 13]
