P1,P2,...,Pn
[1]
[8]
[6]
[1]
[8]
[14]
[7]
[1]
[10]
[10]
[5]
[11]
[1]
[7]
[2]
[14]
[10]
[1]
[1]
[6]
[8]
[0]
[8]
[8]
[4]
[14]
[2]
[4]
[3]
[9]
[12]
[1]
[6]
[0]
[3]
[7]
[14]
[1]
[1]
[6]
[14]
[8]
[4]
[1]
[3]
[8]
[2]
[7]
[6]
[6]
[10]
[13]
[12]
[7]
[3]
[11]
[13]
[12]
[1]
[8]
[4]
[0]
[9]
[13]
[5]
[7]
[0]
[12]
[12]
[0]
[13]
[12]
[9]
[2]
[11]
[3]
[5]
[7]
[7]
[5]
[6]
[14]
[8]
[0]
[1]
[6]
[8]
[5]
[11]
[11]
[1]
[10]
[8]
[4]
[11]
[2]
[11]
[10]
[10]
[10]
[6]
[4]
[9]
[2]
[2]
[5]
[10]
[1]
[4]
[4]
[7]
[4]
[3]
[7]
[14]
[12]
[0]
[1]
[11]
[9]
[4]
[9]
[6]
[9]
[4]
[10]
[10]
[1]
[9]
[8]
[11]
[14]
[5]
[11]
[9]
[10]
[14]
[5]
[11]
[4]
[6]
[0]
[6]
[12]
[9]
[14]
[14]
[6]
[7]
[11]
[6]
[12]
[3]
[12]
[1]
[6]
[3]
[8]
[0]
[4]
[13]
[13]
[0]
[0]
[6]
[4]
