P1,P2,...,Pn
[10, 11]
[12, 10]
[7, 4]
[1, 5]
[6, 8]
[13, 12]
[4, 1]
[9, 10]
[14, 5]
[4, 14]
[7, 4]
[4, 13]
[4, 6]
[14, 4]
[12, 10]
[12, 13]
[1, 10]
[13, 14]
[10, 9]
[11, 13]
[1, 14]
[4, 1]
[9, 2]
[5, 6]
[14, 5]
[2, 1]
[11, 6]
[2, 5]
[14, 11]
[13, 2]
[11, 8]
[6, 2]
[9, 7]
[5, 1]
[1, 11]
[2, 10]
[5, 13]
[4, 12]
[9, 14]
[14, 4]
[14, 6]
[6, 9]
[7, 0]
[4, 5]
[14, 6]
[4, 7]
[1, 6]
[5, 6]
[13, 6]
[10, 2]
[12, 2]
[1, 2]
[14, 10]
[2, 0]
[4, 14]
[9, 0]
[6, 10]
[14, 3]
[0, 10]
[14, 11]
[10, 1]
[9, 11]
[0, 5]
[8, 2]
[1, 2]
[8, 4]
[11, 2]
[14, 6]
[10, 12]
[11, 1]
[7, 4]
[10, 2]
[1, 0]
[5, 9]
[10, 3]
[10, 11]
[11, 12]
[10, 5]
[6, 7]
[14, 9]
[7, 8]
[10, 14]
[13, 8]
[13, 12]
[3, 13]
[2, 11]
[2, 10]
[7, 8]
[8, 11]
[13, 8]
[13, 8]
[6, 4]
[8, 0]
[0, 4]
[12, 2]
[10, 12]
[7, 5]
[13, 9]
[4, 2]
[14, 2]
[2, 14]
[14, 11]
[11, 14]
[4, 9]
[1, 4]
[3, 14]
[0, 3]
[5, 9]
[2, 11]
[8, 13]
[3, 10]
[3, 0]
[3, 8]
[13, 3]
[6, 1]
[11, 4]
[2, 9]
[8, 9]
[1, 5]
[3, 8]
[12, 11]
[4, 14]
[10, 14]
[13, 11]
[5, 0]
[12, 1]
[3, 10]
[14, 11]
[5, 14]
[12, 5]
[10, 7]
[2, 6]
[3, 6]
[14, 9]
[12, 5]
[10, 13]
[1, 12]
[10, 13]
