P1,P2,...,Pn
[14, 13, 5]
[5, 11, 12]
[2, 14, 11]
[0, 4, 12]
[10, 4, 11]
[2, 7, 5]
[7, 4, 11]
[9, 13, 6]
[14, 13, 12]
[5, 10, 9]
[2, 10, 0]
[8, 7, 14]
[3, 6, 4]
[14, 6, 7]
[14, 7, 2]
[5, 11, 7]
[9, 1, 10]
[5, 9, 13]
[9, 0, 8]
[0, 13, 5]
[7, 8, 13]
[11, 2, 9]
[7, 6, 11]
[5, 0, 10]
[4, 11, 5]
[5, 2, 3]
[0, 7, 6]
[4, 10, 1]
[12, 9, 11]
[0, 7, 1]
[14, 2, 9]
[0, 8, 6]
[9, 6, 12]
[12, 7, 1]
[10, 0, 7]
[12, 2, 9]
[7, 2, 11]
[11, 8, 1]
[13, 5, 10]
[8, 1, 12]
[2, 8, 11]
[10, 2, 3]
[8, 9, 4]
[0, 13, 5]
[6, 3, 12]
[12, 0, 11]
[0, 10, 6]
[2, 6, 13]
[13, 7, 4]
[11, 1, 3]
[14, 6, 8]
[11, 1, 6]
[9, 14, 13]
[12, 14, 3]
[5, 0, 4]
[12, 8, 2]
[8, 7, 6]
[12, 7, 9]
[6, 11, 0]
[6, 5, 13]
[12, 10, 9]
[7, 8, 0]
[1, 7, 6]
[5, 13, 11]
[12, 1, 8]
[4, 5, 2]
[1, 4, 12]
[2, 11, 3]
[3, 13, 5]
[1, 13, 0]
[9, 11, 12]
[7, 8, 11]
[11, 9, 10]
[5, 13, 9]
[6, 1, 4]
[0, 3, 10]
[9, 7, 3]
[3, 6, 1]
[4, 2, 5]
[8, 11, 12]
[7, 13, 14]
[0, 14, 5]
[2, 9, 12]
[7, 14, 1]
[9, 2, 1]
[8, 12, 5]
[12, 0, 7]
[0, 14, 4]
[1, 10, 13]
[6, 11, 12]
[0, 13, 12]
[10, 14, 0]
[11, 0, 8]
[2, 11, 1]
[4, 7, 5]
[7, 13, 1]
[12, 10, 6]
[2, 11, 5]
[5, 10, 0]
[5, 6, 9]
[10, 12, 8]
[6, 13, 5]
[12, 10, 6]
[11, 0, 5]
[6, 3, 8]
[1, 11, 13]
[5, 2, 4]
[11, 14, 13]
[13, 11, 9]
[0, 11, 3]
[3, 2, 1]
[1, 9, 4]
[0, 6, 8]
[3, 6, 2]
[0, 2, 14]
[0, 7, 8]
[10, 0, 13]
[1, 7, 14]
[1, 7, 13]
[11, 2, 8]
[6, 12, 0]
[2, 0, 6]
[4, 1, 8]
[3, 1, 7]
[3, 14, 0]
[12, 14, 0]
[5, 13, 8]
[11, 0, 8]
[9, 3, 12]
[2, 13, 4]
[13, 6, 4]
[4, 11, 2]
[8, 11, 12]
[7, 14, 11]
[13, 12, 8]
[9, 13, 1]
[7, 1, 8]
[12, 9, 2]
[10, 1, 5]
[12, 11, 8]
[4, 13, 9]
[9, 7, 1]
[1, 2, 4]
[8, 1, 5]
[9, 10, 7]
[8, 12, 4]
[13, 9, 5]
[8, 5, 0]
[10, 2, 6]
[14, 3, 2]
[12, 5, 10]
[6, 4, 2]
[11, 8, 1]
[0, 8, 11]
[0, 4, 14]
[8, 0, 11]
[6, 3, 8]
[11, 4, 7]
[5, 4, 7]
[2, 14, 8]
[7, 0, 5]
[12, 5, 8]
[7, 5, 9]
[3, 4, 11]
[11, 2, 8]
[5, 7, 12]
[9, 4, 7]
[13, 12, 11]
[10, 6, 5]
[10, 7, 3]
[4, 3, 9]
[9, 14, 2]
[5, 14, 12]
[2, 0, 6]
[0, 10, 2]
[8, 13, 6]
[2, 10, 12]
[12, 8, 10]
[8, 2, 4]
[2, 5, 14]
[7, 10, 1]
[9, 8, 11]
[2, 7, 0]
[14, 13, 8]
[7, 2, 4]
[11, 1, 6]
