P1,P2,...,Pn
[3, 9]
[7, 8]
[9, 7]
[2, 7]
[11, 4]
[6, 3]
[3, 12]
[8, 2]
[1, 9]
[5, 13]
[2, 3]
[11, 2]
[7, 0]
[13, 1]
[9, 12]
[13, 6]
[9, 0]
[3, 14]
[5, 11]
[13, 14]
[1, 3]
[7, 8]
[13, 12]
[1, 9]
[0, 4]
[7, 10]
[14, 13]
[2, 5]
[6, 14]
[6, 10]
[6, 5]
[8, 10]
[0, 14]
[14, 2]
[13, 9]
[8, 4]
[13, 10]
[4, 11]
[0, 12]
[3, 1]
[14, 10]
[10, 14]
[5, 13]
[6, 4]
[7, 0]
[2, 10]
[10, 8]
[0, 3]
[11, 1]
[5, 0]
[13, 0]
[1, 2]
[7, 8]
[9, 11]
[14, 5]
[9, 4]
[11, 5]
[9, 12]
[5, 0]
[0, 12]
[2, 11]
[7, 12]
[8, 12]
[9, 11]
[4, 11]
[0, 4]
[7, 3]
[3, 14]
[5, 7]
[0, 13]
[1, 5]
[0, 8]
[12, 7]
[8, 10]
[3, 12]
[13, 10]
[0, 8]
[12, 3]
[4, 11]
[6, 8]
[7, 5]
[3, 6]
[12, 2]
[5, 6]
[3, 1]
[3, 2]
[0, 11]
[12, 14]
[2, 8]
[10, 6]
[8, 14]
[3, 6]
[2, 3]
[6, 9]
[5, 0]
[2, 13]
[12, 14]
[0, 7]
[8, 13]
[4, 2]
[0, 6]
[5, 8]
[13, 3]
[12, 2]
[5, 11]
[10, 7]
[11, 8]
[11, 8]
[9, 2]
[11, 1]
[7, 2]
[4, 6]
[12, 7]
[8, 2]
[4, 10]
[9, 0]
[5, 3]
[11, 2]
[6, 3]
[5, 1]
[11, 0]
[10, 3]
[6, 10]
[12, 9]
[0, 5]
[0, 13]
[5, 8]
