P1,P2,...,Pn
[13]
[10]
[7]
[7]
[10]
[12]
[13]
[11]
[10]
[1]
[8]
[5]
[11]
[11]
[1]
[12]
[2]
[14]
[9]
[9]
[1]
[12]
[9]
[14]
[14]
[11]
[1]
[0]
[4]
[0]
[4]
[5]
[9]
[8]
[13]
[6]
[11]
[3]
[9]
[3]
[8]
[6]
[0]
[9]
[9]
[12]
[5]
[10]
[0]
[14]
[5]
[9]
[9]
[14]
[3]
[14]
[7]
[6]
[0]
[2]
[7]
[4]
[0]
[0]
[14]
[11]
[0]
[7]
[10]
[0]
[13]
[12]
[8]
[10]
[12]
[0]
[1]
[12]
[6]
[8]
[12]
[11]
[0]
[0]
[2]
[6]
[6]
[7]
[0]
[6]
[4]
[0]
[5]
[1]
[11]
[11]
[13]
[2]
[0]
[1]
[5]
[1]
[0]
[3]
[6]
[12]
[5]
[11]
[11]
[11]
[1]
[0]
[1]
[7]
[12]
[1]
[9]
[7]
[3]
[10]
[9]
[8]
[0]
[11]
[9]
[0]
[13]
[9]
[13]
[7]
[1]
[1]
[1]
[2]
[4]
[14]
[11]
[14]
[9]
[9]
[9]
[6]
[9]
[8]
[2]
[10]
[9]
[7]
[13]
[14]
[12]
[9]
[0]
[6]
[0]
[8]
[10]
[0]
[3]
[5]
[0]
[8]
[13]
[1]
[13]
[8]
[12]
[3]
[14]
[10]
[10]
[2]
[10]
[12]
[5]
[9]
[1]
[9]
[11]
[4]
[14]
[5]
[0]
[6]
[13]
[11]
[4]
[6]
[3]
[2]
[11]
[7]
[11]
[9]
[8]
[9]
[3]
[1]
[13]
[13]
[0]
[7]
[9]
[6]
[6]
[4]
[7]
[13]
[3]
[0]
[4]
[14]
[7]
[8]
[3]
[2]
[2]
[6]
[8]
[2]
[3]
[13]
[10]
[10]
[9]
[1]
[9]
[8]
[2]
[2]
[4]
[8]
[13]
[13]
[4]
[7]
[12]
[13]
[14]
[4]
[9]
[4]
[14]
[2]
[6]
