P1,P2,...,Pn
[2, 13, 11]
[4, 10, 9]
[6, 4, 5]
[8, 13, 10]
[0, 12, 1]
[2, 6, 3]
[3, 0, 12]
[14, 12, 7]
[13, 3, 14]
[8, 0, 13]
[13, 5, 10]
[2, 5, 12]
[8, 1, 12]
[7, 11, 1]
[8, 2, 4]
[1, 5, 12]
[5, 11, 12]
[0, 2, 7]
[1, 0, 10]
[9, 14, 13]
[13, 11, 4]
[14, 5, 7]
[6, 11, 5]
[6, 9, 14]
[0, 3, 8]
[14, 5, 10]
[12, 2, 3]
[1, 3, 13]
[3, 12, 1]
[3, 9, 0]
[1, 13, 11]
[8, 6, 12]
[14, 11, 0]
[0, 14, 7]
[3, 7, 13]
[13, 11, 9]
[8, 11, 3]
[0, 1, 9]
[10, 8, 9]
[12, 0, 8]
[12, 10, 13]
[11, 12, 3]
[14, 1, 10]
[9, 7, 0]
[10, 3, 12]
[6, 10, 11]
[9, 2, 10]
[13, 2, 5]
[13, 3, 14]
[6, 8, 0]
[12, 8, 3]
[0, 3, 13]
[6, 8, 9]
[0, 4, 6]
[3, 4, 14]
[9, 10, 13]
[1, 3, 2]
[1, 0, 9]
[3, 9, 10]
[12, 11, 10]
[8, 4, 7]
[5, 10, 13]
[1, 13, 3]
[6, 2, 4]
[8, 14, 9]
[0, 12, 4]
[5, 14, 7]
[1, 0, 13]
[12, 6, 8]
[14, 3, 13]
[1, 9, 3]
[8, 3, 9]
[3, 8, 5]
[1, 11, 4]
[8, 14, 0]
[13, 12, 3]
[12, 5, 6]
[13, 10, 1]
[8, 10, 9]
[9, 3, 13]
[14, 12, 11]
[11, 2, 9]
[7, 2, 8]
[1, 0, 10]
[9, 2, 11]
[6, 2, 13]
[0, 3, 5]
[3, 10, 0]
