P1,P2,...,Pn
[4]
[7]
[4]
[14]
[14]
[4]
[13]
[13]
[5]
[1]
[10]
[10]
[2]
[9]
[0]
[14]
[9]
[9]
[14]
[9]
[8]
[10]
[14]
[14]
[8]
[14]
[8]
[12]
[5]
[0]
[14]
[0]
[8]
[5]
[11]
[10]
[0]
[1]
[6]
[13]
[4]
[10]
[8]
[5]
[12]
[10]
[0]
[9]
[3]
[6]
[7]
[3]
[13]
[8]
[14]
[7]
[5]
[12]
[4]
[9]
[3]
[1]
[9]
[11]
[12]
[0]
[14]
[11]
[5]
[7]
[2]
[14]
[5]
[2]
[1]
[14]
[14]
[1]
[3]
[5]
[13]
[12]
[14]
[8]
[13]
[12]
[12]
[3]
[14]
[12]
[3]
[0]
[8]
[4]
[11]
[6]
[2]
[4]
[13]
[1]
[0]
[8]
[8]
[8]
[7]
[5]
[7]
[8]
[7]
[14]
[10]
[0]
[9]
[12]
[1]
[3]
[14]
[6]
[9]
[8]
[2]
[11]
[5]
[10]
[5]
[14]
[5]
[0]
[1]
[10]
[2]
[10]
[5]
[10]
[7]
[6]
[2]
[1]
[12]
[3]
[11]
[14]
[9]
[11]
[14]
[5]
[4]
[0]
[1]
[3]
[1]
[2]
[12]
[4]
[2]
[8]
[7]
[7]
[11]
[4]
[3]
[1]
[14]
[13]
[4]
[5]
[0]
[8]
[12]
[5]
[7]
[11]
[0]
[5]
[7]
[8]
[13]
[9]
[11]
[4]
[4]
[3]
[14]
[2]
[6]
[6]
[2]
[8]
[7]
[2]
[2]
[11]
[6]
[10]
[6]
[12]
[6]
[0]
[7]
[8]
[3]
[6]
[0]
[12]
[1]
[7]
[11]
[14]
[4]
[8]
[13]
[11]
[4]
[6]
[12]
[10]
[12]
[0]
[6]
[14]
[7]
[13]
[13]
[4]
[4]
[14]
[4]
[13]
[10]
[12]
[10]
[8]
[6]
[8]
[5]
[14]
[5]
[2]
[1]
[10]
[10]
[10]
[0]
[9]
[7]
[7]
[12]
[3]
[5]
[2]
[6]
[8]
[10]
[7]
