P1,P2,...,Pn
[3, 12, 0]
[12, 5, 14]
[0, 8, 13]
[13, 0, 10]
[2, 11, 8]
[1, 6, 4]
[7, 12, 6]
[10, 5, 3]
[11, 0, 4]
[1, 0, 6]
[6, 9, 5]
[4, 5, 8]
[1, 5, 7]
[10, 3, 8]
[1, 10, 13]
[14, 4, 10]
[12, 9, 7]
[8, 1, 6]
[3, 8, 1]
[8, 13, 0]
[8, 9, 1]
[3, 10, 6]
[13, 3, 6]
[10, 1, 11]
[2, 6, 14]
[2, 5, 10]
[1, 8, 6]
[4, 6, 12]
[11, 9, 2]
[10, 13, 5]
[6, 2, 8]
[12, 11, 3]
[13, 5, 12]
[3, 12, 6]
[0, 3, 8]
[5, 1, 2]
[1, 8, 10]
[2, 5, 6]
[14, 9, 5]
[0, 3, 5]
[14, 3, 8]
[11, 8, 10]
[7, 12, 10]
[13, 4, 0]
[0, 4, 11]
[13, 12, 10]
[12, 5, 11]
[6, 1, 8]
[5, 14, 4]
[12, 11, 2]
[0, 2, 5]
[14, 8, 6]
[0, 10, 3]
[2, 6, 11]
[5, 11, 13]
[2, 5, 8]
[3, 7, 4]
[8, 9, 12]
[12, 8, 7]
[10, 8, 11]
[11, 14, 5]
[5, 0, 3]
[1, 2, 5]
[2, 1, 11]
[12, 6, 10]
[13, 9, 8]
[11, 9, 2]
[0, 5, 6]
[12, 8, 5]
[11, 14, 5]
[11, 9, 2]
[9, 3, 11]
[9, 14, 2]
[10, 12, 3]
[6, 12, 9]
[8, 5, 9]
[13, 0, 12]
