P1,P2,...,Pn
[0, 6, 12]
[2, 4, 8]
[2, 12, 6]
[12, 7, 9]
[8, 13, 10]
[7, 14, 0]
[14, 13, 3]
[2, 1, 3]
[1, 6, 4]
[4, 7, 10]
[10, 9, 0]
[14, 1, 3]
[3, 12, 10]
[6, 13, 11]
[6, 8, 3]
[3, 10, 12]
[5, 1, 9]
[12, 5, 1]
[4, 9, 11]
[8, 4, 3]
[8, 6, 14]
[8, 14, 9]
[0, 1, 2]
[10, 3, 7]
[1, 3, 12]
[13, 10, 1]
[7, 10, 13]
[1, 10, 12]
[9, 2, 0]
[9, 3, 7]
[9, 13, 2]
[14, 0, 7]
[4, 8, 0]
[8, 2, 11]
[12, 6, 13]
[13, 2, 3]
[10, 11, 8]
[10, 0, 2]
[1, 3, 8]
[7, 11, 6]
[11, 2, 12]
[3, 9, 5]
[4, 9, 11]
[3, 14, 12]
[7, 0, 11]
[2, 4, 10]
[3, 14, 4]
[1, 9, 7]
[8, 14, 3]
[2, 6, 1]
[3, 2, 10]
[5, 1, 2]
[0, 13, 10]
[1, 6, 14]
[11, 1, 9]
[10, 2, 1]
[12, 10, 8]
[14, 3, 12]
[10, 6, 11]
[0, 2, 8]
[14, 2, 11]
[13, 2, 10]
[7, 14, 13]
[13, 6, 4]
[10, 6, 2]
[14, 9, 13]
[13, 0, 8]
[12, 4, 7]
[8, 0, 12]
[3, 10, 13]
[7, 12, 3]
[6, 8, 13]
[10, 12, 11]
[5, 0, 14]
[11, 1, 10]
[9, 6, 2]
[0, 4, 3]
[5, 9, 1]
[0, 8, 1]
[1, 5, 6]
[1, 6, 12]
[10, 8, 6]
[6, 14, 12]
[1, 10, 12]
[12, 3, 0]
[5, 13, 4]
[2, 8, 12]
[14, 6, 10]
[7, 1, 11]
[2, 6, 1]
[12, 6, 2]
[7, 10, 8]
[2, 0, 14]
[8, 9, 12]
[8, 1, 2]
[2, 4, 12]
[4, 12, 2]
[11, 13, 10]
[5, 0, 7]
[13, 2, 10]
[4, 1, 3]
[7, 10, 3]
[9, 8, 13]
[5, 3, 8]
[14, 13, 6]
[13, 8, 4]
[12, 3, 10]
[1, 3, 8]
[13, 2, 3]
[7, 5, 8]
[6, 9, 10]
[11, 3, 12]
[6, 9, 13]
[14, 6, 9]
[3, 2, 1]
[12, 2, 6]
[5, 2, 7]
[9, 10, 2]
[11, 1, 5]
[0, 13, 6]
[6, 13, 2]
[11, 3, 5]
