P1,P2,...,Pn
[2, 11, 12]
[9, 4, 8]
[11, 1, 9]
[3, 6, 13]
[13, 12, 14]
[10, 1, 0]
[8, 3, 2]
[5, 4, 0]
[10, 11, 14]
[4, 7, 9]
[11, 3, 13]
[2, 6, 3]
[3, 6, 9]
[13, 4, 2]
[12, 6, 10]
[2, 3, 7]
[1, 14, 13]
[2, 6, 11]
[7, 3, 4]
[11, 13, 6]
[1, 11, 9]
[9, 14, 0]
[5, 6, 13]
[11, 10, 14]
[3, 0, 12]
[6, 3, 11]
[12, 13, 2]
[13, 6, 3]
[1, 2, 7]
[6, 13, 2]
[13, 10, 1]
[0, 7, 4]
[6, 5, 2]
[4, 1, 9]
[2, 8, 1]
[10, 2, 9]
[11, 12, 0]
[9, 7, 1]
[2, 3, 8]
[7, 12, 5]
[12, 11, 9]
[1, 14, 7]
[9, 10, 14]
[5, 12, 7]
[12, 7, 1]
[2, 7, 5]
[3, 6, 9]
[0, 12, 13]
[1, 3, 11]
[12, 7, 11]
[2, 7, 12]
[3, 11, 8]
[5, 6, 9]
[1, 13, 10]
[4, 6, 5]
[12, 8, 14]
[12, 3, 1]
[9, 0, 12]
[1, 8, 2]
[7, 2, 11]
[7, 0, 3]
[8, 4, 12]
[11, 9, 1]
[4, 0, 11]
[3, 12, 11]
[3, 13, 9]
[10, 0, 4]
[11, 12, 5]
[2, 6, 12]
[5, 10, 7]
[9, 3, 0]
[7, 2, 8]
[9, 0, 12]
[14, 11, 13]
[3, 2, 10]
[7, 5, 4]
[10, 0, 7]
[14, 12, 8]
[13, 2, 9]
[13, 14, 12]
[6, 4, 7]
[1, 6, 7]
[5, 2, 4]
[9, 6, 12]
[10, 13, 0]
[8, 9, 11]
[12, 11, 2]
[4, 8, 10]
[7, 0, 1]
[3, 2, 6]
[12, 0, 4]
[7, 0, 1]
[9, 4, 10]
[8, 2, 14]
[12, 14, 8]
[9, 10, 14]
[10, 14, 4]
[10, 9, 13]
[1, 12, 4]
[9, 7, 0]
[4, 12, 2]
[12, 1, 8]
[1, 14, 4]
[0, 8, 2]
[5, 14, 6]
[6, 9, 2]
[7, 3, 4]
[12, 0, 4]
[0, 5, 14]
[11, 10, 12]
[12, 10, 7]
[14, 1, 3]
[10, 1, 4]
[14, 12, 0]
[13, 3, 9]
[3, 10, 8]
[6, 8, 0]
[14, 5, 10]
[3, 6, 4]
[11, 13, 7]
[13, 0, 9]
