P1,P2,...,Pn
[0, 10]
[5, 8]
[1, 10]
[0, 1]
[2, 5]
[12, 4]
[9, 10]
[13, 3]
[10, 5]
[14, 11]
[9, 2]
[10, 8]
[1, 14]
[4, 5]
[8, 2]
[6, 1]
[4, 6]
[7, 2]
[1, 6]
[10, 4]
[8, 2]
[0, 1]
[0, 3]
[11, 1]
[11, 9]
[9, 7]
[4, 0]
[5, 3]
[1, 5]
[3, 9]
[12, 5]
[12, 13]
[4, 14]
[1, 5]
[8, 12]
[10, 9]
[9, 14]
[4, 0]
[7, 3]
[4, 8]
[9, 14]
[1, 4]
[11, 12]
[9, 8]
[1, 3]
[2, 9]
[1, 7]
[6, 13]
[14, 1]
[14, 3]
[2, 13]
[7, 5]
[0, 1]
[11, 12]
[10, 5]
[14, 13]
[5, 8]
[6, 5]
[5, 9]
[3, 14]
[10, 8]
[5, 11]
[8, 11]
[14, 2]
[6, 14]
[5, 4]
[8, 12]
[14, 13]
[3, 7]
[7, 4]
[8, 11]
[13, 4]
[6, 4]
[3, 13]
[7, 2]
[0, 14]
[5, 13]
[3, 12]
[13, 5]
[11, 12]
[13, 6]
[6, 3]
[3, 11]
[1, 7]
[2, 6]
[2, 13]
[14, 4]
[1, 8]
[1, 9]
[14, 13]
[10, 8]
[7, 3]
[4, 2]
[14, 6]
[4, 5]
[2, 6]
[2, 13]
[7, 11]
[13, 9]
[7, 1]
[13, 5]
[7, 12]
[10, 13]
[14, 12]
[0, 9]
[2, 0]
[3, 11]
[6, 0]
[2, 11]
[13, 1]
[9, 2]
[14, 1]
[14, 8]
[2, 5]
[1, 12]
[11, 9]
[1, 7]
[12, 13]
[4, 2]
[12, 11]
[6, 7]
[2, 4]
[7, 8]
[2, 13]
[0, 7]
[8, 10]
[5, 8]
[5, 14]
[14, 3]
[7, 3]
[11, 6]
[13, 7]
[13, 7]
[7, 9]
[2, 9]
[14, 13]
[9, 14]
[5, 11]
[3, 12]
[14, 13]
[2, 3]
[11, 8]
[5, 8]
[0, 7]
[7, 12]
[12, 7]
[3, 4]
[10, 1]
[6, 14]
[13, 8]
[9, 7]
[7, 3]
[12, 6]
[4, 11]
[9, 6]
[4, 6]
[5, 3]
[8, 3]
[1, 5]
[1, 8]
[12, 13]
[0, 14]
[5, 14]
[2, 7]
[1, 0]
[11, 4]
[4, 13]
[4, 2]
[14, 2]
[9, 2]
[11, 0]
[4, 6]
[1, 5]
[4, 2]
[0, 5]
[12, 8]
[4, 14]
[2, 6]
[2, 5]
[10, 7]
[9, 0]
[9, 2]
[0, 11]
[0, 4]
[2, 4]
[8, 3]
[5, 1]
[9, 8]
[9, 1]
[14, 5]
[8, 0]
[3, 6]
[12, 14]
[10, 8]
[14, 5]
[2, 14]
[6, 10]
[10, 13]
[10, 8]
[12, 6]
[9, 13]
[14, 2]
[10, 1]
[8, 13]
[13, 9]
[12, 13]
[0, 10]
[4, 9]
[8, 13]
[12, 7]
[0, 14]
[11, 2]
[10, 5]
[4, 11]
[3, 8]
[2, 0]
[8, 7]
[5, 1]
[5, 1]
[10, 4]
[6, 12]
[3, 11]
[8, 0]
[11, 0]
[11, 10]
[3, 4]
[0, 4]
[8, 5]
[6, 12]
[6, 13]
[5, 8]
[12, 8]
[8, 12]
[2, 5]
[14, 12]
[14, 3]
[10, 9]
[11, 7]
[9, 7]
[8, 7]
[7, 3]
[1, 5]
[10, 3]
[0, 1]
[5, 6]
[1, 9]
