P1,P2,...,Pn
[8, 9]
[12, 2]
[9, 14]
[0, 3]
[3, 11]
[13, 1]
[3, 14]
[12, 13]
[4, 1]
[6, 2]
[4, 8]
[0, 13]
[4, 1]
[9, 2]
[2, 5]
[5, 14]
[13, 11]
[4, 14]
[7, 14]
[7, 3]
[2, 14]
[13, 4]
[14, 5]
[3, 9]
[7, 3]
[6, 5]
[9, 11]
[14, 12]
[13, 4]
[8, 10]
[11, 10]
[4, 12]
[10, 2]
[14, 10]
[0, 3]
[5, 12]
[2, 8]
[1, 4]
[12, 11]
[11, 3]
[5, 1]
[1, 13]
[8, 11]
[6, 11]
[12, 10]
[10, 6]
[5, 8]
[6, 9]
[0, 10]
[9, 6]
[7, 2]
[8, 5]
[12, 6]
[2, 8]
[10, 7]
[0, 10]
[5, 4]
[8, 3]
[13, 7]
[14, 9]
[13, 1]
[9, 11]
[10, 12]
[13, 9]
[14, 10]
[3, 7]
[1, 4]
[9, 12]
[11, 0]
[1, 5]
[13, 6]
[0, 10]
[6, 12]
[8, 1]
[3, 9]
[10, 3]
[1, 13]
[10, 13]
[14, 8]
[4, 3]
[10, 7]
[11, 3]
[0, 10]
[5, 14]
[12, 1]
[10, 1]
[2, 14]
[12, 0]
[1, 7]
[6, 7]
[4, 6]
[10, 4]
[6, 9]
[11, 12]
[12, 4]
[5, 6]
[10, 4]
[7, 13]
[4, 11]
[9, 6]
[1, 4]
[6, 10]
[5, 1]
[5, 11]
[3, 8]
[12, 1]
[2, 11]
[6, 10]
[9, 10]
[11, 9]
[1, 9]
[13, 4]
[1, 3]
[7, 9]
[14, 9]
[5, 10]
[8, 0]
[13, 10]
[7, 1]
[4, 6]
[1, 7]
[12, 7]
[5, 1]
[13, 7]
[9, 0]
[11, 8]
[10, 9]
[4, 10]
[9, 13]
[3, 2]
[11, 3]
[12, 1]
[10, 11]
[11, 1]
[2, 4]
[3, 9]
[4, 8]
