P1,P2,...,Pn
[13, 8, 0]
[1, 9, 7]
[3, 8, 10]
[11, 2, 3]
[14, 13, 0]
[12, 3, 8]
[10, 4, 2]
[2, 10, 8]
[3, 5, 7]
[6, 12, 7]
[10, 1, 3]
[9, 11, 4]
[3, 7, 12]
[5, 0, 3]
[1, 2, 0]
[4, 5, 6]
[14, 11, 1]
[4, 0, 12]
[7, 11, 8]
[9, 11, 3]
[2, 5, 10]
[7, 13, 4]
[8, 3, 4]
[2, 0, 8]
[2, 3, 5]
[13, 1, 0]
[12, 7, 14]
[12, 11, 6]
[7, 13, 8]
[7, 12, 1]
[11, 4, 9]
[13, 14, 11]
[1, 13, 9]
[9, 11, 12]
[13, 4, 6]
[11, 2, 8]
[6, 10, 3]
[0, 6, 1]
[7, 10, 8]
[1, 6, 7]
[3, 13, 2]
[11, 2, 9]
[6, 14, 1]
[3, 11, 10]
[4, 6, 0]
[1, 2, 6]
[0, 14, 4]
[8, 12, 13]
[13, 6, 12]
[0, 9, 1]
[14, 12, 0]
[8, 4, 14]
[14, 13, 3]
[11, 13, 5]
