P1,P2,...,Pn
[12, 14, 10, 0, 2]
[4, 0, 11, 10, 5]
[14, 3, 1, 2, 5]
[12, 8, 5, 9, 0]
[3, 7, 12, 4, 10]
[5, 6, 2, 3, 7]
[12, 7, 8, 14, 1]
[13, 3, 14, 10, 1]
[0, 10, 4, 8, 13]
[0, 5, 9, 7, 13]
[4, 6, 9, 5, 7]
[9, 6, 13, 11, 2]
[8, 2, 13, 11, 4]
[7, 13, 1, 2, 8]
[13, 4, 2, 8, 7]
[3, 1, 9, 13, 11]
[11, 0, 4, 12, 3]
[11, 14, 12, 6, 9]
[11, 3, 0, 4, 13]
[2, 7, 8, 13, 1]
[10, 8, 9, 3, 2]
[3, 5, 6, 11, 9]
[11, 9, 10, 1, 3]
[10, 7, 9, 6, 4]
[1, 4, 2, 5, 0]
[10, 2, 11, 6, 4]
[8, 3, 0, 13, 1]
[8, 2, 12, 10, 0]
[5, 3, 11, 4, 12]
[14, 1, 5, 13, 2]
[11, 2, 3, 12, 7]
