P1,P2,...,Pn
[5, 10]
[2, 10]
[12, 9]
[14, 5]
[10, 13]
[4, 7]
[3, 13]
[0, 9]
[5, 8]
[12, 4]
[11, 8]
[7, 1]
[13, 4]
[1, 11]
[12, 3]
[14, 2]
[14, 2]
[10, 0]
[7, 5]
[14, 10]
[6, 2]
[12, 7]
[10, 13]
[13, 7]
[0, 6]
[7, 12]
[10, 11]
[10, 11]
[5, 8]
[0, 6]
[0, 9]
[10, 3]
[8, 3]
[1, 6]
[2, 5]
[2, 6]
[12, 5]
[2, 3]
[4, 9]
[1, 7]
[12, 8]
[8, 9]
[5, 8]
[12, 6]
[10, 11]
[7, 1]
[0, 13]
[12, 11]
[13, 3]
[2, 13]
[10, 8]
[5, 12]
[6, 7]
[4, 2]
[14, 6]
[7, 12]
[7, 14]
[1, 8]
[2, 7]
[0, 10]
[13, 14]
[13, 2]
[11, 7]
[0, 13]
[12, 3]
[2, 1]
[8, 12]
[12, 9]
[5, 13]
[11, 3]
[3, 7]
[1, 5]
[9, 3]
[14, 6]
[12, 10]
[5, 13]
[11, 5]
[0, 2]
[12, 8]
[12, 11]
[11, 8]
[7, 3]
[12, 3]
[6, 7]
[2, 10]
[5, 12]
[5, 10]
[1, 8]
[11, 13]
[14, 4]
[6, 8]
[10, 12]
[1, 11]
[9, 11]
[2, 9]
[0, 8]
[0, 7]
[9, 14]
[3, 1]
[7, 0]
[12, 0]
[11, 0]
[1, 11]
[13, 9]
[14, 4]
[10, 1]
[11, 6]
[6, 11]
[8, 7]
[6, 8]
[11, 0]
[2, 5]
[8, 11]
[10, 7]
[3, 4]
[0, 8]
[8, 2]
[6, 3]
[10, 11]
[13, 5]
[7, 11]
[2, 11]
[4, 6]
[14, 5]
[6, 11]
[5, 4]
[14, 9]
[2, 10]
[12, 1]
[14, 5]
[4, 2]
[13, 0]
[2, 7]
[8, 4]
[3, 12]
[8, 10]
[7, 12]
[12, 6]
[8, 0]
[4, 10]
[4, 2]
[0, 14]
[7, 13]
[1, 6]
[9, 7]
[13, 8]
[10, 3]
[14, 1]
[0, 3]
[5, 1]
[11, 12]
[4, 13]
[12, 14]
[2, 10]
[10, 1]
[6, 12]
[11, 9]
[13, 10]
[6, 2]
[2, 5]
[1, 0]
[4, 8]
[5, 9]
[3, 4]
[9, 1]
[3, 9]
[2, 14]
