P1,P2,...,Pn
[14]
[5]
[10]
[5]
[2]
[11]
[6]
[8]
[6]
[6]
[4]
[12]
[9]
[12]
[4]
[12]
[2]
[8]
[13]
[6]
[2]
[10]
[10]
[7]
[6]
[14]
[1]
[9]
[13]
[12]
[14]
[0]
[8]
[11]
[3]
[7]
[6]
[1]
[12]
[7]
[1]
[3]
[0]
[14]
[2]
[1]
[10]
[12]
[6]
[0]
[1]
[13]
[6]
[12]
[4]
[6]
[13]
[12]
[7]
[14]
[7]
[1]
[3]
[8]
[8]
[5]
[3]
[1]
[14]
[4]
[9]
[5]
[11]
[6]
[11]
[3]
[9]
[13]
[14]
[4]
[13]
[9]
[7]
[11]
[6]
[6]
[9]
[13]
[9]
[4]
[9]
[6]
[14]
[0]
[14]
[3]
[0]
[7]
[3]
[12]
[5]
[7]
[6]
[12]
[6]
[2]
[4]
[1]
[1]
[6]
[13]
[1]
[4]
[11]
[6]
[1]
[6]
[12]
[14]
[12]
[6]
[7]
[8]
[13]
[4]
[6]
[14]
[7]
[12]
[0]
[1]
[11]
[12]
[2]
[10]
[11]
[10]
[3]
[12]
[4]
[0]
[11]
[4]
[11]
[5]
[8]
[0]
[3]
[2]
[6]
[6]
[0]
[8]
[10]
[6]
[13]
[3]
[12]
[0]
[9]
[14]
[14]
[1]
[13]
[0]
[9]
[5]
[6]
[14]
[4]
[4]
[8]
[6]
[5]
[13]
[0]
[2]
[13]
[11]
[12]
[4]
[9]
[11]
[3]
[7]
[1]
[5]
[10]
[9]
[12]
[1]
[3]
[4]
[2]
[6]
[10]
[8]
[8]
[5]
[5]
[11]
[2]
[11]
[11]
[6]
[10]
[10]
[3]
[5]
[1]
[11]
[9]
[5]
[5]
[13]
[4]
[14]
[12]
[13]
[4]
[13]
[3]
[3]
[0]
[1]
[11]
[13]
[2]
[6]
[12]
[10]
[8]
[2]
[6]
[2]
[3]
[8]
[6]
[6]
[14]
[6]
[1]
[11]
[1]
[5]
[8]
[3]
[2]
[0]
[11]
[13]
[14]
[12]
[9]
[11]
