P1,P2,...,Pn
[12, 2, 7]
[4, 7, 5]
[5, 1, 8]
[14, 6, 1]
[6, 12, 2]
[2, 13, 4]
[9, 12, 1]
[12, 14, 4]
[12, 8, 9]
[9, 10, 6]
[0, 14, 7]
[13, 2, 8]
[3, 1, 4]
[7, 11, 0]
[1, 2, 8]
[13, 12, 10]
[13, 2, 0]
[7, 10, 3]
[0, 3, 4]
[11, 6, 14]
[9, 3, 13]
[8, 7, 9]
[2, 0, 3]
[12, 1, 7]
[9, 0, 10]
[4, 11, 3]
[0, 14, 1]
[2, 10, 3]
[8, 12, 6]
[13, 9, 1]
[12, 3, 11]
[13, 12, 4]
[1, 8, 0]
[2, 0, 3]
[13, 2, 1]
[12, 1, 6]
[13, 1, 10]
[10, 4, 9]
[10, 9, 7]
[10, 12, 1]
[0, 4, 13]
[14, 0, 12]
[14, 9, 4]
[6, 8, 13]
[9, 10, 8]
[4, 5, 6]
[1, 9, 13]
[4, 6, 10]
[1, 4, 9]
[5, 7, 0]
[9, 8, 0]
[4, 7, 9]
[13, 7, 4]
[14, 2, 11]
[10, 9, 7]
[1, 12, 6]
[14, 4, 9]
[5, 0, 10]
[0, 1, 13]
[2, 1, 5]
[6, 1, 12]
[3, 1, 9]
[8, 11, 1]
[10, 4, 11]
[1, 13, 8]
[2, 4, 3]
[14, 4, 13]
[0, 2, 4]
[0, 8, 9]
[9, 7, 2]
[4, 10, 12]
[2, 14, 9]
[0, 2, 8]
[2, 14, 13]
[1, 12, 3]
[5, 0, 14]
[5, 3, 8]
[8, 4, 10]
[9, 2, 3]
[6, 7, 3]
[2, 5, 7]
[4, 10, 6]
[0, 13, 4]
[12, 0, 4]
[14, 4, 0]
[14, 6, 7]
[0, 12, 8]
[6, 4, 14]
[5, 10, 3]
[0, 3, 1]
[2, 13, 6]
[6, 7, 3]
[8, 12, 6]
[8, 14, 2]
[10, 13, 0]
[3, 14, 9]
[14, 8, 7]
[6, 8, 14]
[8, 4, 12]
[8, 1, 6]
[5, 1, 4]
[9, 8, 14]
[5, 2, 8]
[12, 8, 10]
[2, 11, 12]
[14, 5, 4]
[8, 9, 11]
[10, 13, 4]
[0, 3, 12]
[6, 7, 1]
[1, 5, 8]
[1, 0, 10]
[14, 1, 10]
[4, 6, 0]
[7, 8, 13]
[1, 12, 2]
[0, 14, 12]
[0, 6, 5]
[4, 11, 6]
[2, 13, 12]
[2, 7, 0]
[0, 4, 2]
[12, 14, 10]
[6, 1, 7]
[2, 6, 0]
[14, 13, 3]
[11, 5, 10]
[2, 6, 11]
[11, 10, 0]
[2, 14, 12]
[2, 11, 9]
[14, 3, 12]
[9, 10, 6]
[9, 2, 6]
[8, 5, 7]
[2, 8, 11]
[5, 6, 14]
[2, 12, 13]
[14, 1, 5]
[6, 1, 11]
[1, 9, 14]
[8, 14, 6]
[2, 10, 12]
[7, 5, 11]
[0, 6, 1]
[7, 0, 10]
[5, 11, 1]
[3, 6, 4]
[13, 9, 6]
[6, 11, 0]
[4, 0, 10]
[7, 0, 1]
[1, 2, 4]
[12, 10, 4]
[12, 10, 11]
[13, 4, 1]
[6, 5, 14]
[5, 13, 2]
[12, 6, 8]
[14, 4, 1]
[2, 3, 0]
[12, 7, 6]
[7, 4, 10]
[14, 2, 13]
[11, 14, 6]
[1, 2, 4]
[9, 6, 8]
[7, 6, 0]
[4, 1, 3]
[1, 13, 4]
[14, 5, 12]
[8, 0, 2]
[6, 13, 1]
[12, 6, 4]
[4, 10, 11]
[4, 8, 3]
[0, 1, 9]
[8, 13, 10]
[10, 4, 8]
[12, 6, 9]
[4, 7, 12]
[9, 8, 5]
[7, 5, 12]
[0, 7, 3]
[1, 14, 4]
[3, 2, 5]
[10, 6, 11]
[8, 13, 3]
[7, 8, 9]
[2, 11, 10]
[8, 7, 12]
[5, 10, 0]
[7, 0, 2]
[7, 11, 9]
[8, 13, 9]
[7, 0, 5]
[8, 6, 14]
[1, 6, 4]
[11, 12, 13]
[8, 9, 10]
[13, 5, 11]
[6, 12, 3]
[4, 1, 0]
[9, 11, 10]
[4, 10, 8]
[7, 13, 0]
[0, 13, 7]
[3, 9, 14]
[14, 11, 0]
[12, 0, 4]
[3, 1, 10]
[7, 1, 14]
[1, 5, 11]
[7, 2, 1]
[14, 9, 13]
[13, 5, 11]
[12, 7, 0]
[14, 4, 1]
[7, 1, 14]
[2, 12, 13]
[13, 7, 11]
[8, 6, 7]
[4, 1, 9]
[4, 8, 7]
[0, 4, 12]
[4, 6, 13]
[9, 5, 8]
[1, 6, 2]
[13, 10, 0]
[9, 6, 1]
[11, 1, 4]
[2, 12, 13]
[9, 12, 11]
[8, 2, 11]
[7, 2, 4]
[13, 4, 12]
[2, 0, 5]
[3, 4, 0]
[11, 7, 2]
[5, 10, 11]
