P1,P2,...,Pn
[3, 9, 14]
[2, 8, 1]
[5, 12, 13]
[8, 13, 11]
[2, 5, 4]
[2, 14, 1]
[13, 1, 9]
[12, 5, 11]
[3, 4, 2]
[1, 7, 5]
[12, 3, 0]
[0, 1, 6]
[6, 4, 3]
[11, 8, 0]
[7, 0, 11]
[14, 0, 8]
[7, 11, 0]
[0, 6, 10]
[13, 12, 5]
[6, 5, 10]
[10, 13, 5]
[11, 10, 3]
[6, 9, 11]
[12, 0, 4]
[1, 13, 4]
[12, 10, 5]
[0, 11, 1]
[6, 13, 7]
[6, 2, 4]
[12, 2, 0]
[14, 9, 2]
[14, 6, 0]
[1, 7, 3]
[12, 11, 10]
[9, 2, 5]
[7, 3, 14]
[2, 4, 12]
[3, 12, 0]
[10, 2, 6]
[2, 8, 0]
[6, 0, 1]
[12, 14, 2]
[1, 2, 13]
[8, 12, 0]
[3, 4, 5]
[13, 14, 0]
[13, 1, 5]
[10, 5, 3]
[11, 12, 2]
[10, 6, 1]
[14, 11, 2]
[2, 6, 12]
[1, 13, 11]
[8, 14, 12]
[2, 6, 7]
[9, 1, 6]
[12, 5, 13]
[6, 9, 2]
[10, 2, 6]
[5, 4, 12]
[9, 6, 8]
[8, 13, 0]
[7, 10, 4]
[11, 6, 10]
[13, 4, 10]
[12, 6, 4]
[11, 0, 12]
[14, 5, 8]
[8, 12, 1]
[3, 10, 8]
[8, 10, 14]
[8, 1, 0]
[2, 3, 11]
[3, 4, 9]
[6, 2, 1]
[6, 5, 8]
[7, 12, 5]
[1, 12, 10]
[7, 9, 2]
[12, 2, 9]
[11, 5, 8]
[2, 9, 4]
[9, 4, 3]
[2, 3, 0]
[1, 14, 9]
[10, 5, 6]
[2, 8, 12]
[4, 12, 6]
[10, 8, 3]
[4, 1, 6]
[8, 14, 5]
[1, 4, 10]
[0, 5, 4]
[2, 12, 1]
[9, 6, 5]
[7, 2, 8]
[3, 12, 8]
[10, 9, 14]
[14, 6, 0]
[7, 6, 12]
[7, 3, 11]
[9, 3, 5]
[5, 0, 11]
[11, 0, 12]
[1, 12, 0]
[7, 14, 12]
[8, 6, 10]
[10, 5, 0]
[12, 14, 8]
[14, 3, 7]
[9, 8, 4]
[0, 6, 7]
[6, 3, 10]
[10, 2, 11]
[12, 2, 6]
[3, 11, 14]
[3, 11, 5]
[10, 1, 14]
[8, 14, 5]
[5, 8, 12]
[6, 1, 14]
[14, 4, 11]
[10, 8, 2]
[10, 12, 8]
[4, 14, 7]
[11, 1, 10]
[1, 12, 5]
[11, 12, 0]
[14, 8, 5]
[13, 3, 1]
[1, 10, 8]
[9, 0, 11]
[6, 0, 14]
[7, 4, 3]
[8, 10, 9]
[13, 5, 14]
[13, 11, 3]
[0, 9, 2]
[2, 5, 4]
[9, 4, 6]
[10, 1, 2]
[4, 6, 9]
[0, 11, 12]
[3, 8, 14]
[4, 7, 10]
