P1,P2,...,Pn
[13, 5]
[14, 12]
[10, 12]
[2, 4]
[2, 3]
[9, 5]
[8, 11]
[11, 12]
[6, 4]
[2, 13]
[3, 0]
[8, 9]
[14, 0]
[3, 2]
[14, 4]
[4, 1]
[14, 11]
[1, 6]
[0, 2]
[10, 12]
[0, 10]
[5, 13]
[12, 6]
[8, 3]
[6, 7]
[5, 13]
[8, 4]
[14, 3]
[8, 13]
[4, 13]
[9, 1]
[12, 8]
[3, 1]
[5, 8]
[2, 12]
[13, 14]
[10, 2]
[13, 8]
[1, 3]
[4, 3]
[7, 4]
[7, 5]
[3, 5]
[14, 12]
[0, 4]
[13, 2]
[1, 6]
[0, 3]
[5, 7]
[1, 0]
[3, 1]
[12, 4]
[14, 1]
[13, 1]
[7, 4]
[5, 12]
[10, 2]
[7, 1]
[2, 11]
[13, 8]
[13, 2]
[7, 3]
[7, 2]
[4, 6]
[8, 14]
[14, 1]
[7, 3]
[4, 13]
[10, 9]
[14, 1]
[3, 1]
[5, 14]
[8, 14]
[13, 8]
[5, 12]
[9, 6]
[8, 14]
[8, 14]
[7, 6]
[1, 14]
[2, 1]
[1, 8]
[3, 8]
[0, 14]
[5, 1]
[1, 8]
[8, 1]
[2, 7]
[7, 0]
[12, 1]
[12, 9]
[1, 14]
[2, 5]
[11, 10]
[0, 14]
[13, 14]
[2, 11]
[14, 6]
[11, 0]
[0, 3]
[1, 6]
[3, 2]
[14, 5]
[8, 5]
[3, 12]
[1, 3]
[5, 7]
[10, 0]
[9, 0]
[0, 8]
[7, 12]
[2, 9]
[4, 5]
[11, 0]
[13, 7]
[13, 1]
[7, 10]
[2, 0]
[7, 11]
[10, 6]
[8, 9]
[14, 11]
[8, 0]
[14, 0]
[4, 8]
[6, 2]
[6, 8]
[7, 12]
[3, 6]
[5, 9]
[0, 8]
[12, 8]
[10, 12]
[0, 3]
[5, 12]
[2, 3]
[14, 11]
[12, 7]
[13, 3]
[12, 2]
[7, 4]
[1, 3]
[5, 3]
[2, 13]
[7, 5]
[2, 12]
[0, 11]
[8, 1]
[13, 8]
[1, 7]
[7, 12]
[2, 9]
[8, 12]
[10, 13]
[9, 4]
[11, 5]
[5, 12]
[3, 12]
[3, 14]
[4, 5]
[6, 9]
[9, 14]
[1, 6]
[5, 9]
[13, 12]
[5, 13]
[8, 2]
[2, 5]
[7, 4]
[3, 7]
[10, 13]
[13, 2]
[3, 0]
[7, 3]
[7, 0]
[5, 11]
[9, 6]
[14, 2]
[3, 12]
[11, 7]
[9, 5]
[4, 5]
[6, 2]
[2, 6]
[3, 5]
[6, 1]
[8, 6]
[7, 4]
[13, 9]
[8, 2]
[5, 4]
[4, 5]
[7, 2]
[1, 6]
[9, 6]
[3, 14]
[4, 13]
[6, 4]
[6, 11]
[2, 1]
[1, 11]
[8, 14]
[13, 0]
[12, 8]
[3, 11]
[11, 5]
[0, 13]
[10, 12]
[8, 1]
