P1,P2,...,Pn
[4, 7, 14]
[12, 7, 4]
[1, 9, 5]
[12, 11, 8]
[6, 13, 7]
[7, 10, 12]
[7, 9, 8]
[13, 12, 8]
[2, 8, 0]
[0, 5, 9]
[7, 11, 2]
[9, 0, 2]
[4, 8, 9]
[7, 10, 9]
[13, 4, 2]
[0, 13, 3]
[11, 7, 9]
[13, 9, 2]
[2, 5, 7]
[1, 9, 14]
[10, 12, 11]
[0, 2, 14]
[2, 1, 5]
[14, 6, 4]
[8, 11, 13]
[4, 2, 1]
[14, 11, 7]
[10, 9, 7]
[2, 3, 0]
[5, 6, 2]
[10, 1, 5]
[13, 12, 3]
[4, 7, 10]
[12, 13, 11]
[4, 13, 7]
[7, 9, 2]
[12, 4, 7]
[8, 13, 0]
[4, 6, 10]
[5, 14, 13]
[0, 8, 7]
[9, 0, 13]
[1, 12, 14]
[4, 0, 7]
[10, 8, 1]
[7, 4, 5]
[4, 3, 14]
[5, 13, 11]
[12, 7, 14]
[9, 0, 6]
[4, 2, 12]
[9, 5, 3]
[4, 13, 12]
[10, 2, 13]
[0, 14, 3]
[13, 7, 1]
[5, 2, 0]
[14, 10, 9]
[3, 7, 6]
[6, 0, 2]
[9, 12, 7]
[9, 3, 0]
[9, 5, 7]
[0, 7, 8]
[10, 11, 14]
[4, 13, 0]
[13, 5, 9]
[7, 11, 4]
[10, 12, 6]
[14, 9, 7]
[2, 8, 4]
[4, 2, 12]
[11, 5, 13]
[1, 4, 8]
[14, 6, 4]
[5, 13, 7]
[9, 14, 1]
[13, 5, 14]
[7, 5, 3]
[4, 6, 1]
[0, 13, 4]
[10, 9, 0]
[12, 4, 10]
[4, 2, 12]
[2, 8, 10]
[2, 0, 6]
[0, 13, 5]
[11, 6, 14]
[13, 14, 3]
[9, 8, 5]
[1, 13, 12]
[11, 13, 10]
[10, 4, 6]
[14, 9, 8]
[7, 13, 3]
[0, 11, 1]
[13, 10, 4]
[5, 4, 1]
[11, 1, 10]
[2, 12, 11]
[14, 2, 9]
[7, 13, 10]
[14, 8, 9]
[8, 10, 3]
[4, 8, 1]
[14, 2, 11]
[14, 4, 10]
[10, 6, 11]
[5, 6, 1]
[11, 4, 0]
[7, 2, 1]
[4, 1, 7]
[11, 10, 4]
[12, 8, 1]
[14, 7, 9]
[11, 12, 14]
[4, 9, 10]
[1, 2, 7]
[1, 7, 6]
[12, 8, 3]
[2, 9, 0]
[6, 2, 0]
[12, 1, 3]
[1, 0, 8]
[12, 4, 9]
[14, 0, 9]
[9, 3, 12]
[9, 3, 2]
[9, 6, 0]
[13, 5, 0]
[13, 3, 8]
[8, 7, 4]
[13, 0, 6]
[8, 6, 11]
[2, 14, 9]
[10, 12, 8]
[0, 1, 11]
[14, 7, 0]
[3, 9, 10]
[5, 10, 8]
[6, 8, 0]
[12, 5, 10]
[11, 6, 4]
[13, 1, 10]
[0, 7, 5]
[10, 4, 9]
[3, 0, 13]
[5, 14, 3]
[8, 0, 6]
[0, 7, 5]
[4, 7, 11]
[7, 5, 11]
[7, 3, 8]
[4, 13, 9]
[14, 13, 10]
[10, 4, 5]
[2, 10, 9]
[11, 10, 4]
[11, 1, 10]
[10, 7, 4]
[13, 3, 4]
[13, 4, 5]
[0, 6, 14]
[9, 7, 13]
[9, 7, 4]
[4, 9, 14]
[1, 6, 3]
[3, 9, 0]
[13, 6, 1]
[14, 3, 9]
[6, 7, 1]
[10, 1, 0]
[9, 4, 8]
[3, 6, 13]
[11, 12, 1]
[6, 7, 13]
[14, 2, 12]
[9, 8, 11]
[6, 5, 11]
[5, 11, 6]
[10, 11, 4]
[7, 11, 8]
[11, 4, 7]
[11, 7, 12]
[2, 3, 8]
[12, 14, 0]
[10, 8, 5]
[2, 10, 9]
[9, 3, 6]
[2, 13, 9]
[6, 9, 11]
[6, 0, 1]
[4, 14, 10]
