P1,P2,...,Pn
[0, 10, 7]
[12, 2, 13]
[1, 13, 4]
[1, 7, 14]
[3, 4, 6]
[12, 3, 14]
[7, 9, 10]
[2, 8, 0]
[3, 8, 2]
[12, 10, 9]
[10, 3, 1]
[5, 1, 0]
[1, 7, 4]
[8, 0, 6]
[13, 14, 3]
[11, 10, 4]
[9, 6, 4]
[7, 3, 5]
[10, 1, 14]
[14, 7, 4]
[9, 8, 11]
[5, 4, 13]
[12, 14, 10]
[13, 3, 8]
[10, 8, 3]
[14, 11, 4]
[10, 0, 11]
[0, 11, 5]
[13, 9, 11]
[10, 9, 3]
[5, 0, 1]
[0, 14, 8]
[4, 8, 7]
[1, 14, 11]
[9, 3, 6]
[5, 1, 2]
[4, 0, 7]
[9, 11, 13]
[12, 0, 3]
[11, 6, 10]
[7, 11, 1]
[3, 0, 14]
[8, 7, 1]
[12, 4, 3]
[10, 11, 3]
[10, 11, 3]
[10, 2, 5]
[8, 0, 3]
[0, 12, 11]
[10, 13, 3]
[9, 7, 6]
[7, 12, 2]
[9, 8, 14]
[2, 7, 11]
[7, 2, 5]
[12, 14, 10]
[1, 10, 0]
[14, 6, 7]
[13, 2, 6]
[4, 1, 3]
[8, 0, 7]
[6, 2, 10]
[6, 10, 5]
[5, 1, 8]
[10, 8, 4]
[10, 7, 14]
[1, 9, 3]
[13, 8, 2]
[3, 8, 11]
[0, 1, 12]
[0, 11, 12]
[5, 10, 3]
[0, 4, 7]
[2, 3, 13]
[2, 12, 1]
[4, 5, 11]
[0, 2, 11]
[10, 1, 2]
[3, 14, 10]
[1, 7, 4]
[5, 13, 8]
[13, 6, 8]
[2, 11, 7]
[14, 13, 5]
[12, 5, 11]
[9, 12, 8]
[11, 9, 0]
[7, 3, 6]
[7, 0, 6]
[8, 6, 4]
[8, 7, 13]
[3, 12, 10]
[0, 9, 6]
[7, 0, 3]
[6, 14, 10]
[7, 3, 4]
[4, 14, 11]
[7, 5, 3]
[9, 13, 5]
[5, 12, 6]
[2, 6, 7]
[5, 4, 2]
[2, 10, 1]
[1, 9, 3]
[5, 8, 1]
[9, 1, 8]
[4, 13, 3]
[10, 2, 8]
[1, 3, 4]
[5, 9, 2]
[9, 0, 11]
[3, 11, 7]
[10, 7, 14]
[13, 1, 3]
[10, 1, 12]
[7, 11, 14]
[0, 8, 12]
[8, 7, 13]
[9, 7, 2]
[3, 7, 10]
[14, 5, 12]
[6, 1, 11]
[6, 11, 7]
[8, 0, 13]
[5, 7, 11]
[1, 8, 13]
[3, 5, 13]
[12, 4, 6]
[6, 3, 0]
[14, 6, 9]
[0, 14, 11]
[5, 1, 8]
[3, 1, 4]
[11, 2, 13]
[6, 4, 10]
[7, 10, 1]
[11, 0, 1]
[4, 9, 3]
[6, 7, 0]
[14, 4, 1]
[2, 12, 8]
[6, 7, 11]
[9, 13, 2]
[13, 5, 9]
[2, 8, 3]
[6, 5, 1]
[8, 4, 0]
[7, 11, 14]
[10, 3, 6]
[4, 14, 1]
[10, 3, 9]
[1, 13, 12]
[5, 8, 7]
[13, 6, 14]
[2, 1, 5]
[1, 13, 12]
[6, 13, 12]
[13, 14, 11]
[2, 6, 1]
[9, 12, 14]
[5, 8, 9]
[1, 12, 3]
[0, 11, 12]
[0, 3, 8]
[4, 5, 14]
[11, 2, 3]
[10, 0, 8]
[3, 5, 2]
[10, 4, 3]
[7, 0, 3]
[13, 9, 1]
[1, 2, 12]
[10, 14, 3]
[1, 11, 0]
[11, 10, 7]
[12, 3, 4]
[0, 11, 5]
[14, 12, 0]
[11, 12, 2]
[0, 11, 7]
[3, 14, 13]
[9, 5, 1]
[14, 8, 7]
[0, 13, 4]
[5, 12, 9]
[6, 8, 14]
[2, 1, 9]
[2, 14, 12]
[11, 5, 6]
[2, 5, 12]
[13, 10, 12]
[10, 14, 2]
[6, 2, 5]
[3, 9, 12]
[1, 0, 10]
[1, 12, 5]
[14, 5, 8]
[4, 7, 5]
[14, 8, 0]
[1, 6, 3]
[8, 13, 7]
[3, 6, 9]
[4, 11, 9]
[2, 3, 13]
[2, 3, 11]
[1, 7, 9]
[2, 4, 8]
[6, 3, 8]
[6, 1, 11]
[11, 9, 0]
[9, 0, 2]
[13, 4, 9]
[2, 4, 0]
[4, 11, 14]
[1, 3, 5]
[4, 9, 12]
[9, 12, 11]
[10, 2, 5]
[6, 10, 12]
[0, 7, 13]
[7, 1, 8]
[12, 4, 10]
[12, 11, 2]
[2, 6, 3]
[9, 1, 3]
[12, 2, 9]
[8, 2, 13]
[12, 3, 4]
[7, 12, 11]
[13, 10, 1]
[10, 3, 11]
[2, 11, 3]
[0, 11, 5]
[5, 1, 10]
[9, 8, 13]
[5, 9, 10]
[13, 0, 6]
[12, 3, 7]
[3, 14, 2]
[7, 9, 13]
[5, 1, 6]
[7, 13, 9]
[3, 10, 9]
[11, 9, 0]
[8, 11, 13]
[7, 12, 6]
[7, 4, 3]
[6, 9, 5]
[2, 3, 12]
[0, 13, 14]
