P1,P2,...,Pn
[3, 13, 0]
[5, 1, 12]
[1, 10, 11]
[1, 9, 6]
[9, 12, 8]
[7, 6, 13]
[11, 6, 9]
[11, 2, 1]
[0, 10, 3]
[14, 6, 9]
[14, 9, 4]
[0, 6, 7]
[3, 8, 1]
[4, 14, 2]
[1, 9, 10]
[3, 6, 11]
[6, 9, 1]
[12, 14, 5]
[4, 13, 12]
[7, 2, 8]
[7, 12, 8]
[3, 11, 4]
[7, 1, 3]
[4, 12, 11]
[3, 2, 6]
[10, 14, 0]
[13, 9, 5]
[14, 7, 11]
[14, 3, 11]
[6, 8, 11]
[7, 4, 5]
[1, 2, 7]
[14, 10, 3]
[13, 3, 14]
[7, 2, 1]
[12, 10, 4]
[3, 4, 10]
[0, 5, 1]
[4, 11, 3]
[6, 13, 7]
[5, 1, 14]
[1, 0, 2]
[13, 10, 5]
[9, 10, 0]
[7, 0, 6]
[0, 1, 14]
[14, 7, 10]
[6, 4, 10]
[10, 3, 13]
[7, 12, 8]
[12, 11, 10]
[13, 11, 4]
[10, 8, 12]
[3, 8, 1]
[5, 6, 7]
[7, 12, 1]
[11, 4, 2]
[11, 1, 8]
[14, 7, 1]
[9, 0, 1]
[6, 7, 8]
[11, 6, 4]
[6, 8, 10]
[13, 10, 6]
[1, 4, 8]
[0, 3, 1]
[10, 6, 5]
[10, 12, 1]
[3, 9, 0]
[0, 3, 4]
[1, 13, 14]
[0, 9, 5]
[6, 4, 8]
[5, 13, 1]
[12, 0, 3]
[0, 8, 13]
[9, 1, 3]
[11, 4, 14]
[7, 14, 4]
[9, 0, 10]
[14, 11, 12]
[13, 10, 8]
[13, 14, 12]
[1, 14, 0]
[4, 0, 6]
[4, 9, 8]
[11, 6, 7]
[12, 9, 8]
[3, 14, 1]
[8, 14, 10]
[9, 7, 0]
[1, 5, 2]
[1, 8, 6]
[8, 5, 13]
[14, 8, 7]
[10, 3, 13]
[10, 4, 6]
[10, 13, 9]
[11, 13, 2]
[6, 4, 12]
[10, 6, 3]
[0, 14, 9]
[2, 4, 0]
[3, 10, 4]
[7, 14, 5]
[12, 4, 7]
[14, 10, 7]
[5, 6, 0]
[0, 5, 13]
[5, 13, 3]
[11, 10, 9]
[8, 13, 12]
[3, 11, 4]
[14, 2, 5]
[6, 4, 1]
[12, 13, 11]
[11, 10, 13]
[13, 12, 6]
