P1,P2,...,Pn
[12, 2]
[14, 8]
[2, 10]
[8, 11]
[6, 9]
[4, 6]
[0, 2]
[4, 3]
[2, 14]
[1, 13]
[10, 6]
[0, 7]
[3, 4]
[4, 8]
[7, 5]
[14, 0]
[12, 9]
[5, 10]
[10, 14]
[9, 14]
[4, 2]
[8, 0]
[8, 3]
[12, 7]
[3, 12]
[12, 13]
[4, 12]
[1, 2]
[8, 9]
[12, 11]
[12, 8]
[5, 10]
[8, 14]
[8, 0]
[14, 7]
[9, 7]
[3, 5]
[14, 9]
[12, 1]
[10, 8]
[2, 14]
[1, 8]
[4, 10]
[1, 3]
[1, 14]
[12, 4]
[13, 3]
[4, 7]
[6, 7]
[13, 7]
[1, 2]
[2, 4]
[3, 2]
[11, 1]
[7, 13]
[12, 2]
[3, 10]
[3, 6]
[3, 12]
[8, 11]
[7, 0]
[3, 12]
[5, 14]
[8, 3]
[2, 9]
[7, 5]
[12, 1]
[1, 12]
[7, 5]
[14, 2]
[2, 10]
[4, 10]
[10, 6]
[14, 2]
[7, 10]
[2, 4]
[3, 7]
[6, 1]
[13, 4]
[1, 12]
[3, 13]
[0, 6]
[5, 12]
[13, 8]
[14, 4]
[13, 10]
[14, 5]
[14, 2]
[0, 2]
[9, 1]
[5, 9]
[9, 5]
[9, 3]
[5, 10]
[1, 2]
[5, 9]
[9, 8]
[6, 7]
[14, 5]
[0, 3]
[8, 4]
[5, 13]
[11, 6]
[7, 13]
[7, 5]
[11, 0]
[10, 3]
[13, 0]
[9, 8]
[8, 4]
[10, 2]
[3, 0]
[1, 6]
[12, 7]
[1, 0]
[8, 10]
