P1,P2,...,Pn
[2, 13, 7]
[6, 11, 5]
[7, 5, 9]
[3, 10, 7]
[9, 14, 11]
[14, 2, 12]
[12, 9, 1]
[2, 1, 4]
[13, 10, 7]
[3, 7, 4]
[0, 13, 3]
[4, 13, 12]
[12, 11, 9]
[0, 7, 4]
[13, 3, 4]
[4, 11, 12]
[11, 1, 12]
[6, 4, 9]
[3, 9, 6]
[4, 8, 7]
[0, 10, 6]
[3, 7, 2]
[2, 8, 13]
[11, 12, 14]
[14, 6, 2]
[11, 14, 13]
[12, 13, 2]
[9, 7, 6]
[1, 13, 0]
[0, 6, 9]
[12, 10, 8]
[13, 4, 7]
[3, 12, 13]
[13, 1, 9]
[11, 1, 5]
[8, 0, 10]
[11, 9, 2]
[13, 10, 12]
[11, 13, 0]
[1, 13, 8]
[10, 5, 3]
[9, 10, 7]
[13, 2, 11]
[6, 10, 9]
[3, 5, 8]
[11, 14, 0]
[8, 14, 13]
[12, 9, 13]
[14, 5, 8]
[0, 7, 8]
[13, 7, 6]
[0, 6, 3]
[13, 6, 2]
[9, 6, 10]
[3, 7, 11]
[2, 7, 3]
[5, 7, 13]
[7, 2, 0]
[13, 0, 11]
[5, 11, 14]
[6, 13, 11]
[7, 4, 8]
[9, 5, 4]
[0, 1, 9]
[4, 0, 10]
[1, 7, 11]
[3, 13, 14]
[2, 9, 4]
[5, 12, 13]
[12, 4, 14]
[0, 5, 6]
[10, 7, 14]
[11, 10, 5]
[13, 8, 10]
[2, 1, 14]
[7, 5, 8]
[10, 11, 0]
[5, 2, 7]
[1, 4, 2]
[10, 11, 5]
[6, 13, 2]
[7, 14, 13]
[11, 4, 5]
[10, 5, 3]
[8, 4, 13]
[2, 12, 3]
[2, 3, 11]
[11, 6, 8]
[5, 14, 1]
[9, 8, 12]
[6, 12, 5]
[13, 14, 9]
[1, 0, 14]
[8, 1, 6]
[1, 11, 7]
[3, 14, 12]
[7, 6, 14]
[6, 9, 8]
[10, 1, 3]
[9, 5, 11]
[2, 11, 3]
[9, 11, 8]
[14, 4, 9]
[9, 8, 5]
[6, 13, 3]
[7, 11, 8]
[1, 14, 8]
[6, 3, 2]
[1, 14, 10]
[13, 7, 4]
[14, 0, 12]
[8, 0, 10]
[10, 0, 3]
[10, 7, 3]
[5, 6, 11]
[9, 13, 6]
[14, 12, 7]
[9, 0, 3]
[13, 14, 2]
[1, 0, 11]
[3, 4, 6]
[12, 3, 14]
[12, 0, 5]
[3, 0, 5]
[14, 10, 4]
[8, 9, 2]
[5, 1, 7]
[9, 6, 13]
[2, 12, 11]
[12, 10, 9]
[1, 3, 5]
[11, 9, 10]
[9, 4, 14]
[4, 12, 6]
[0, 10, 6]
[7, 11, 1]
[12, 13, 11]
[9, 12, 14]
[3, 11, 6]
[4, 1, 14]
[7, 4, 10]
[4, 13, 3]
[0, 11, 9]
