P1,P2,...,Pn
[13]
[9]
[5]
[7]
[3]
[14]
[7]
[4]
[0]
[8]
[10]
[10]
[5]
[2]
[2]
[3]
[5]
[12]
[12]
[13]
[14]
[13]
[13]
[14]
[13]
[13]
[14]
[5]
[6]
[9]
[6]
[10]
[9]
[11]
[11]
[7]
[0]
[10]
[11]
[2]
[14]
[8]
[7]
[10]
[9]
[7]
[4]
[9]
[3]
[10]
[6]
[10]
[3]
[4]
[5]
[12]
[4]
[0]
[7]
[9]
[6]
[9]
[7]
[9]
[3]
[14]
[8]
[14]
[9]
[3]
[11]
[0]
[5]
[0]
[8]
[12]
[6]
[4]
[10]
[10]
[9]
[13]
[9]
[5]
[0]
[14]
[0]
[11]
[11]
[7]
[2]
[12]
[14]
[12]
[4]
[7]
[6]
[12]
[3]
[13]
[3]
[1]
[0]
[13]
[0]
[1]
[4]
[5]
[2]
[2]
[12]
[3]
[6]
[13]
[12]
[8]
[11]
[6]
[2]
[3]
[12]
[5]
[5]
[11]
[8]
[0]
[0]
[13]
