P1,P2,...,Pn
[2, 8, 14]
[10, 5, 3]
[7, 11, 0]
[5, 3, 7]
[11, 2, 8]
[10, 5, 14]
[3, 4, 11]
[2, 8, 6]
[13, 5, 2]
[3, 0, 6]
[11, 4, 9]
[2, 1, 10]
[7, 14, 5]
[3, 12, 1]
[10, 2, 3]
[13, 9, 12]
[0, 8, 11]
[7, 8, 4]
[4, 11, 10]
[11, 4, 13]
[1, 12, 0]
[11, 5, 13]
[6, 7, 14]
[11, 1, 12]
[13, 9, 14]
[13, 3, 9]
[13, 10, 14]
[6, 10, 5]
[2, 6, 3]
[5, 14, 7]
[0, 4, 2]
[5, 4, 0]
[12, 9, 13]
[7, 14, 4]
[10, 9, 8]
[8, 0, 7]
[6, 2, 5]
[12, 2, 4]
[4, 6, 5]
[6, 11, 10]
[13, 4, 11]
[10, 11, 4]
[2, 9, 7]
[4, 13, 1]
[4, 14, 10]
[13, 5, 11]
[10, 6, 3]
[9, 11, 4]
[8, 7, 2]
[1, 4, 2]
[10, 11, 3]
[13, 1, 10]
[0, 8, 11]
[4, 2, 13]
[9, 8, 14]
