P1,P2,...,Pn
[14, 10]
[2, 0]
[10, 6]
[6, 3]
[3, 12]
[0, 6]
[4, 9]
[13, 5]
[9, 2]
[12, 13]
[6, 9]
[12, 8]
[7, 8]
[14, 8]
[11, 0]
[8, 4]
[10, 8]
[1, 6]
[13, 6]
[5, 7]
[10, 3]
[7, 6]
[12, 0]
[2, 7]
[3, 4]
[14, 8]
[14, 4]
[10, 7]
[1, 12]
[14, 13]
[10, 6]
[4, 14]
[7, 4]
[2, 7]
[11, 2]
[14, 13]
[10, 3]
[14, 1]
[12, 13]
[12, 10]
[2, 13]
[12, 6]
[0, 8]
[1, 0]
[0, 2]
[8, 0]
[11, 10]
[6, 13]
[11, 3]
[9, 12]
[12, 4]
[10, 7]
[4, 1]
[9, 13]
[0, 3]
[7, 0]
[11, 2]
[1, 4]
[14, 5]
[10, 2]
[4, 10]
[3, 6]
[9, 7]
[11, 7]
[4, 13]
[3, 8]
[5, 8]
[0, 3]
[11, 5]
[8, 10]
[10, 14]
[1, 12]
[13, 9]
[6, 0]
[2, 10]
[8, 3]
[5, 10]
[11, 5]
[10, 6]
[12, 4]
[8, 5]
[4, 9]
[9, 10]
[14, 13]
[10, 6]
[2, 4]
[6, 2]
[8, 6]
[11, 2]
[12, 8]
[6, 14]
[1, 5]
[4, 9]
[9, 3]
[11, 9]
[3, 10]
[3, 6]
[9, 6]
[2, 6]
[2, 13]
[8, 3]
[6, 8]
[11, 1]
[4, 7]
[5, 6]
[4, 10]
[10, 13]
[9, 0]
[6, 4]
[11, 1]
[5, 0]
[13, 11]
[3, 1]
[8, 2]
[5, 6]
[11, 8]
[5, 6]
[8, 14]
[11, 7]
[2, 9]
[12, 13]
[13, 10]
[4, 9]
[9, 4]
[1, 8]
[3, 5]
[11, 12]
[13, 4]
[3, 5]
[0, 10]
[12, 1]
[13, 0]
[6, 10]
[10, 14]
[10, 5]
[6, 2]
[5, 3]
[4, 14]
[11, 14]
[7, 12]
[10, 1]
[4, 1]
[13, 10]
[3, 4]
[7, 4]
[0, 4]
[13, 10]
[9, 4]
[13, 4]
[14, 1]
[3, 4]
[12, 2]
[9, 13]
[0, 5]
[12, 2]
[1, 10]
[12, 2]
[9, 10]
[1, 10]
[14, 2]
[1, 9]
[8, 5]
[12, 1]
[12, 7]
[6, 4]
[7, 14]
[3, 10]
[9, 7]
[6, 2]
[1, 4]
[9, 2]
[5, 12]
[1, 6]
[4, 3]
[3, 12]
[1, 14]
[1, 4]
[6, 7]
[11, 13]
[8, 6]
[14, 2]
[11, 7]
[0, 9]
[11, 13]
[13, 10]
[12, 1]
[3, 8]
[5, 0]
[2, 0]
[6, 8]
[8, 2]
[9, 13]
[14, 7]
[11, 5]
[0, 10]
[3, 1]
[5, 7]
[12, 14]
[9, 13]
[14, 9]
[6, 9]
[10, 6]
[5, 12]
[7, 4]
[0, 13]
[7, 2]
[4, 2]
[1, 11]
[9, 14]
[5, 7]
[7, 1]
[1, 12]
[2, 11]
[9, 4]
[1, 4]
[1, 10]
[1, 13]
[9, 11]
[9, 13]
[2, 8]
[8, 10]
[13, 10]
[1, 0]
[4, 2]
[8, 2]
[10, 11]
[3, 0]
[5, 12]
[1, 6]
[0, 1]
[5, 0]
[13, 4]
[14, 0]
[9, 11]
