P1,P2,...,Pn
[3, 9, 8]
[9, 1, 11]
[14, 11, 3]
[3, 6, 7]
[9, 13, 7]
[12, 13, 7]
[9, 11, 7]
[9, 4, 14]
[8, 1, 14]
[6, 3, 7]
[6, 13, 10]
[6, 1, 12]
[5, 9, 0]
[3, 9, 12]
[5, 10, 7]
[8, 7, 4]
[3, 9, 5]
[12, 8, 5]
[11, 9, 4]
[3, 5, 8]
[12, 6, 4]
[11, 12, 5]
[0, 8, 4]
[0, 4, 7]
[5, 13, 14]
[3, 11, 6]
[5, 8, 4]
[2, 0, 14]
[12, 11, 0]
[2, 1, 5]
[1, 14, 6]
[4, 10, 8]
[2, 8, 1]
[11, 7, 4]
[4, 1, 5]
[10, 11, 8]
[13, 7, 4]
[13, 6, 14]
[4, 9, 1]
[13, 1, 12]
[8, 4, 9]
[0, 2, 1]
[14, 3, 8]
[10, 14, 11]
[2, 13, 4]
[14, 13, 1]
[13, 4, 2]
[13, 6, 4]
[7, 11, 3]
[2, 10, 5]
[5, 8, 0]
[6, 0, 4]
[0, 14, 7]
[4, 2, 3]
[2, 13, 8]
[8, 13, 7]
[8, 3, 11]
[7, 2, 12]
[2, 9, 10]
[11, 6, 2]
[12, 10, 1]
[0, 14, 8]
[8, 14, 6]
[8, 2, 13]
[5, 10, 12]
[11, 6, 0]
[1, 3, 0]
[10, 5, 2]
[7, 3, 14]
[12, 9, 1]
[5, 14, 13]
[11, 0, 4]
[4, 0, 13]
[9, 1, 8]
[5, 0, 7]
[8, 9, 11]
[6, 14, 10]
[2, 5, 3]
[0, 12, 14]
[12, 10, 3]
[6, 4, 3]
[2, 12, 0]
[2, 12, 9]
[12, 5, 11]
[9, 14, 0]
[12, 7, 11]
[2, 10, 12]
[0, 2, 14]
[4, 2, 13]
[11, 8, 9]
[14, 10, 5]
[4, 11, 13]
[5, 6, 14]
[3, 2, 0]
[2, 4, 7]
[3, 4, 9]
[9, 6, 14]
[10, 8, 14]
[5, 7, 8]
[5, 3, 12]
[13, 10, 9]
[10, 2, 14]
[10, 6, 3]
[2, 10, 9]
[4, 1, 9]
[5, 1, 13]
[13, 7, 5]
[14, 1, 8]
[6, 3, 12]
[0, 4, 6]
[1, 0, 3]
[14, 13, 7]
[6, 11, 1]
[10, 7, 12]
[0, 3, 1]
[1, 7, 13]
[4, 13, 7]
[3, 11, 9]
[2, 10, 9]
[14, 8, 7]
[10, 11, 1]
[1, 2, 3]
[8, 13, 0]
[4, 0, 3]
[6, 7, 13]
[13, 6, 2]
[13, 3, 12]
[6, 5, 10]
[3, 7, 2]
[8, 5, 11]
[13, 7, 12]
[13, 8, 2]
[12, 1, 11]
[10, 6, 2]
[0, 4, 8]
[8, 2, 5]
[9, 5, 7]
[10, 3, 13]
[8, 1, 7]
[2, 0, 6]
[1, 10, 2]
[2, 6, 12]
[12, 1, 7]
[2, 1, 11]
[7, 14, 1]
[10, 7, 11]
[11, 8, 3]
[13, 10, 5]
[10, 3, 8]
[7, 1, 13]
[8, 12, 1]
[4, 11, 0]
[13, 6, 4]
[14, 0, 8]
[5, 4, 12]
[14, 4, 11]
[12, 1, 7]
[8, 10, 2]
[3, 14, 10]
[7, 14, 2]
[8, 0, 7]
[6, 9, 5]
[10, 8, 0]
[14, 8, 7]
[4, 5, 3]
[12, 13, 4]
[1, 3, 4]
[6, 5, 9]
[2, 6, 3]
[7, 4, 3]
[13, 14, 12]
[2, 3, 14]
[1, 12, 7]
[6, 10, 1]
[5, 1, 7]
[14, 13, 4]
[13, 5, 14]
[0, 10, 4]
[8, 6, 4]
[1, 11, 3]
[3, 10, 13]
[4, 13, 2]
