P1,P2,...,Pn
[3, 5, 13]
[9, 13, 4]
[9, 10, 8]
[14, 11, 12]
[7, 8, 6]
[14, 2, 4]
[12, 7, 5]
[6, 0, 9]
[14, 4, 3]
[2, 0, 12]
[5, 4, 12]
[6, 7, 10]
[14, 1, 4]
[1, 14, 10]
[13, 8, 4]
[9, 13, 12]
[2, 3, 8]
[8, 3, 0]
[1, 2, 13]
[5, 9, 11]
[2, 10, 9]
[14, 5, 8]
[12, 11, 4]
[13, 1, 10]
[2, 13, 5]
[13, 12, 14]
[13, 8, 6]
[2, 7, 6]
[13, 3, 12]
[0, 2, 10]
[7, 1, 0]
[9, 13, 7]
[14, 7, 6]
[0, 1, 5]
[2, 6, 4]
[14, 4, 3]
[0, 14, 9]
[14, 1, 9]
[1, 2, 9]
[3, 14, 5]
[1, 10, 14]
[14, 12, 3]
[3, 6, 14]
[11, 13, 4]
[8, 13, 1]
[8, 7, 6]
[11, 6, 5]
