P1,P2,...,Pn
[12]
[5]
[5]
[10]
[12]
[5]
[12]
[6]
[7]
[12]
[4]
[9]
[14]
[4]
[9]
[6]
[1]
[11]
[3]
[1]
[14]
[4]
[6]
[11]
[11]
[10]
[6]
[14]
[10]
[2]
[13]
[14]
[9]
[14]
[11]
[0]
[6]
[5]
[10]
[7]
[9]
[0]
[0]
[4]
[13]
[4]
[1]
[11]
[0]
[11]
[4]
[8]
[14]
[4]
[12]
[6]
[4]
[2]
[1]
[0]
[6]
[0]
[1]
[7]
[1]
[12]
[0]
[13]
[4]
[9]
[8]
[6]
[2]
[10]
[4]
[3]
[0]
[6]
[3]
[0]
[14]
[9]
[11]
[0]
[10]
[10]
[2]
[1]
[0]
[4]
[8]
[10]
[1]
[6]
[1]
[7]
[10]
[2]
[6]
[0]
[11]
[3]
[6]
[14]
[12]
[3]
[2]
[13]
[2]
[0]
[5]
[4]
[2]
[2]
[11]
[2]
[10]
[3]
[10]
[13]
[1]
[8]
[2]
[0]
[5]
[11]
[0]
[9]
[6]
[14]
[9]
[11]
[8]
[14]
[9]
[9]
[5]
[12]
[11]
[3]
[4]
[1]
[13]
[10]
[5]
[14]
[12]
[10]
[14]
[13]
[11]
[2]
[7]
[4]
[6]
[7]
[2]
[2]
[13]
[0]
[13]
[1]
[10]
[10]
[9]
[6]
[0]
[5]
[13]
[13]
[3]
[8]
[2]
[0]
[1]
[4]
[14]
[10]
[8]
[12]
[0]
[4]
[0]
[3]
[13]
[8]
[14]
[8]
[10]
[5]
[13]
[12]
[8]
[7]
[10]
[5]
[11]
[9]
[1]
[12]
[6]
[0]
[13]
[13]
[5]
[3]
[13]
[12]
