P1,P2,...,Pn
[6, 7, 4]
[5, 6, 4]
[5, 10, 6]
[12, 3, 9]
[8, 3, 4]
[8, 2, 13]
[13, 0, 12]
[11, 9, 7]
[13, 6, 2]
[6, 12, 3]
[13, 3, 1]
[14, 7, 0]
[0, 9, 4]
[0, 8, 11]
[8, 5, 6]
[4, 11, 12]
[5, 2, 4]
[2, 6, 9]
[4, 14, 3]
[2, 5, 0]
[8, 12, 4]
[9, 12, 2]
[8, 11, 7]
[10, 7, 0]
[13, 14, 12]
[6, 12, 9]
[11, 5, 4]
[13, 5, 3]
[3, 9, 14]
[8, 7, 13]
[10, 7, 2]
[12, 4, 14]
[5, 12, 6]
[0, 8, 4]
[8, 12, 2]
[9, 10, 13]
[12, 9, 8]
[5, 14, 7]
[6, 5, 11]
[9, 7, 0]
[9, 6, 11]
[11, 1, 6]
[12, 6, 11]
[7, 6, 2]
[3, 11, 6]
[11, 12, 1]
[6, 9, 10]
[13, 2, 12]
[1, 14, 11]
[7, 0, 3]
[9, 5, 7]
[4, 10, 2]
[8, 9, 4]
[4, 12, 8]
[1, 10, 0]
[14, 9, 10]
[8, 5, 3]
[12, 5, 10]
[9, 14, 10]
[5, 12, 11]
[4, 1, 0]
[10, 6, 7]
[6, 13, 2]
[11, 13, 4]
[2, 3, 8]
[7, 11, 14]
[1, 6, 2]
[8, 4, 3]
[0, 10, 8]
[13, 9, 12]
[3, 13, 2]
[9, 8, 10]
[14, 8, 4]
