P1,P2,...,Pn
[6, 4]
[3, 5]
[10, 9]
[5, 12]
[13, 2]
[11, 3]
[3, 9]
[5, 14]
[2, 13]
[3, 8]
[11, 8]
[1, 5]
[6, 4]
[2, 14]
[6, 8]
[0, 11]
[14, 13]
[0, 14]
[13, 7]
[2, 7]
[0, 14]
[14, 1]
[0, 1]
[10, 2]
[1, 10]
[9, 3]
[14, 0]
[11, 7]
[10, 1]
[6, 3]
[3, 6]
[1, 0]
[3, 6]
[3, 13]
[8, 11]
[14, 2]
[2, 9]
[13, 4]
[13, 2]
[1, 10]
[12, 7]
[0, 12]
[6, 4]
[11, 12]
[3, 10]
[9, 3]
[12, 4]
[8, 3]
[2, 3]
[12, 9]
[9, 14]
[0, 3]
[3, 2]
[7, 14]
[1, 5]
[2, 14]
[6, 13]
[9, 4]
[7, 3]
[14, 0]
[13, 0]
[0, 8]
[1, 13]
[4, 7]
[11, 12]
[8, 0]
[10, 14]
[8, 2]
[3, 4]
[13, 2]
[13, 6]
[13, 10]
[6, 2]
[1, 14]
[0, 12]
[14, 3]
[12, 10]
[9, 6]
[5, 10]
[7, 14]
[3, 11]
[14, 1]
[3, 2]
[1, 4]
[3, 5]
[4, 12]
[4, 6]
[1, 9]
[12, 11]
[6, 13]
[6, 2]
[4, 2]
[10, 13]
[10, 0]
[11, 13]
[9, 2]
[11, 6]
[10, 13]
[8, 14]
[7, 10]
[3, 1]
[4, 3]
[4, 1]
[5, 8]
[9, 14]
[13, 9]
[6, 0]
[10, 14]
[1, 0]
[4, 10]
[14, 9]
[9, 11]
[0, 5]
[14, 9]
[7, 9]
[0, 8]
[12, 10]
[6, 14]
[3, 14]
[0, 3]
[5, 2]
[11, 5]
[14, 10]
[8, 3]
[8, 2]
[9, 5]
[11, 2]
[14, 3]
[11, 9]
[0, 12]
[13, 9]
[14, 11]
[14, 2]
[1, 9]
[5, 10]
[13, 5]
[1, 9]
[5, 9]
[4, 14]
[7, 9]
[2, 14]
[13, 1]
[8, 11]
[2, 4]
[9, 5]
[12, 7]
[4, 7]
[6, 2]
[1, 8]
[9, 1]
[5, 3]
[14, 12]
[11, 12]
[8, 6]
[13, 8]
[11, 3]
[9, 7]
[3, 9]
[0, 1]
[2, 5]
[4, 9]
[5, 4]
[10, 14]
[11, 7]
[12, 8]
[4, 14]
[1, 4]
[0, 10]
