P1,P2,...,Pn
[14, 0]
[7, 10]
[10, 5]
[9, 1]
[1, 9]
[11, 9]
[9, 6]
[4, 8]
[7, 2]
[1, 4]
[3, 14]
[12, 13]
[13, 12]
[12, 4]
[12, 4]
[5, 3]
[0, 1]
[2, 14]
[2, 4]
[10, 8]
[9, 3]
[12, 5]
[1, 12]
[4, 8]
[7, 13]
[3, 7]
[10, 7]
[8, 3]
[3, 9]
[4, 8]
[12, 8]
[12, 10]
[9, 8]
[8, 9]
[4, 2]
[5, 13]
[5, 4]
[6, 12]
[9, 7]
[14, 1]
[13, 5]
[13, 2]
[12, 5]
[2, 9]
[1, 5]
[0, 4]
[8, 7]
[5, 14]
[10, 11]
[5, 8]
[5, 12]
[13, 5]
[8, 6]
[1, 2]
[7, 12]
[10, 14]
[6, 8]
[9, 4]
[2, 8]
[13, 12]
[7, 1]
[4, 1]
[9, 4]
[6, 14]
[12, 7]
