P1,P2,...,Pn
[8, 1]
[0, 12]
[12, 3]
[6, 5]
[13, 10]
[0, 9]
[12, 13]
[0, 1]
[0, 11]
[3, 10]
[2, 4]
[0, 14]
[13, 7]
[11, 10]
[8, 2]
[2, 6]
[11, 2]
[5, 7]
[11, 8]
[1, 5]
[8, 13]
[14, 13]
[12, 4]
[7, 14]
[4, 13]
[11, 2]
[11, 13]
[12, 11]
[6, 14]
[14, 0]
[5, 3]
[3, 9]
[9, 2]
[10, 5]
[4, 12]
[10, 11]
[2, 11]
[8, 6]
[5, 0]
[5, 2]
[11, 14]
[7, 4]
[0, 8]
[2, 9]
[12, 13]
[8, 12]
[11, 13]
[9, 1]
[10, 8]
[2, 1]
[4, 14]
[4, 6]
[0, 14]
[11, 1]
[7, 2]
[8, 0]
[7, 0]
[2, 6]
[0, 7]
[3, 6]
[0, 10]
[14, 9]
[6, 3]
[14, 6]
[5, 9]
[1, 3]
[10, 8]
[14, 6]
[9, 14]
[3, 14]
[14, 0]
[4, 1]
[4, 5]
[8, 13]
[6, 7]
[0, 3]
[9, 4]
[1, 4]
[7, 2]
[5, 11]
[14, 2]
[2, 5]
[14, 8]
[2, 10]
[0, 14]
[4, 10]
[4, 5]
[6, 11]
[1, 7]
[4, 14]
[11, 8]
[14, 8]
[9, 14]
[4, 11]
[3, 1]
[0, 9]
[12, 11]
[9, 2]
[12, 3]
[1, 14]
[5, 11]
[8, 9]
[1, 5]
[6, 5]
[2, 4]
[9, 6]
[14, 4]
[9, 0]
[5, 2]
[14, 1]
[1, 4]
[1, 14]
[9, 12]
[14, 4]
[2, 12]
[7, 1]
[14, 9]
[6, 1]
[8, 14]
[2, 1]
[8, 2]
[10, 12]
[2, 11]
[14, 11]
[12, 10]
[6, 9]
[6, 10]
[0, 13]
[4, 10]
[8, 13]
[8, 9]
