P1,P2,...,Pn
[9, 11, 8]
[4, 14, 9]
[12, 7, 5]
[14, 7, 6]
[7, 6, 8]
[3, 4, 6]
[1, 12, 7]
[14, 10, 6]
[14, 6, 4]
[3, 5, 4]
[5, 12, 11]
[7, 6, 13]
[5, 14, 9]
[2, 8, 4]
[14, 3, 1]
[10, 7, 12]
[2, 13, 5]
[4, 7, 1]
[7, 5, 6]
[10, 3, 8]
[0, 8, 12]
[2, 11, 7]
[14, 3, 13]
[11, 13, 8]
[9, 10, 14]
[9, 5, 2]
[4, 8, 1]
[8, 0, 11]
[5, 4, 2]
[5, 0, 8]
[8, 11, 6]
[3, 4, 8]
[10, 7, 4]
[14, 11, 9]
[4, 6, 8]
[1, 11, 12]
[11, 13, 6]
[2, 11, 9]
[1, 3, 8]
[8, 0, 12]
[4, 7, 10]
[2, 5, 3]
[4, 7, 12]
[0, 3, 8]
[8, 13, 3]
[8, 1, 7]
[1, 0, 9]
[8, 14, 4]
[12, 10, 5]
[14, 6, 11]
[5, 8, 1]
[10, 9, 4]
[4, 6, 1]
[5, 6, 10]
[2, 3, 14]
[14, 13, 1]
[12, 10, 5]
