P1,P2,...,Pn
[14, 6]
[8, 5]
[8, 0]
[8, 5]
[13, 10]
[4, 14]
[3, 14]
[1, 0]
[2, 12]
[1, 3]
[3, 1]
[3, 10]
[8, 1]
[4, 11]
[10, 5]
[5, 9]
[14, 5]
[0, 6]
[6, 10]
[2, 13]
[5, 2]
[0, 11]
[0, 14]
[14, 10]
[7, 11]
[3, 2]
[8, 11]
[7, 0]
[3, 6]
[0, 4]
[8, 3]
[7, 13]
[0, 9]
[13, 7]
[12, 7]
[12, 6]
[13, 4]
[6, 8]
[11, 8]
[1, 7]
[2, 13]
[11, 0]
[7, 14]
[10, 6]
[9, 1]
[1, 6]
[7, 4]
[8, 11]
[12, 5]
[10, 9]
[3, 6]
[3, 8]
[6, 0]
[14, 10]
[8, 10]
[9, 2]
[14, 1]
[11, 12]
[8, 14]
[10, 8]
[11, 1]
[6, 14]
[1, 5]
[11, 13]
[12, 11]
[2, 3]
[3, 12]
[6, 8]
[11, 3]
[0, 2]
