P1,P2,...,Pn
[1]
[14]
[0]
[13]
[0]
[9]
[5]
[11]
[1]
[11]
[5]
[1]
[7]
[14]
[3]
[9]
[3]
[2]
[2]
[3]
[2]
[7]
[10]
[14]
[7]
[11]
[2]
[1]
[11]
[12]
[13]
[5]
[4]
[14]
[9]
[11]
[10]
[1]
[8]
[12]
[1]
[12]
[10]
[14]
[6]
[6]
[8]
[10]
[6]
[0]
[4]
[12]
[0]
[5]
[9]
[9]
[1]
[12]
[1]
[3]
[0]
[10]
[0]
[3]
[13]
[14]
[13]
[9]
[7]
[13]
[1]
[7]
[11]
[2]
[0]
[14]
[11]
[13]
[10]
[13]
[1]
[10]
[0]
[3]
[7]
[10]
[4]
[6]
[11]
[9]
[12]
[5]
[6]
[10]
[9]
[6]
[6]
[8]
[12]
[5]
[7]
[3]
[7]
[5]
[6]
[1]
[2]
[4]
[9]
[3]
[6]
[11]
[7]
[0]
[0]
[3]
[5]
[0]
[5]
[5]
[1]
[6]
[13]
[12]
[10]
[12]
[5]
[3]
[4]
[12]
[2]
