P1,P2,...,Pn
[6, 8, 10]
[1, 7, 12]
[11, 14, 0]
[13, 0, 5]
[7, 13, 0]
[0, 11, 7]
[3, 13, 9]
[8, 0, 9]
[0, 10, 3]
[13, 0, 3]
[7, 11, 9]
[12, 8, 9]
[3, 11, 10]
[1, 3, 10]
[8, 9, 11]
[6, 2, 12]
[2, 6, 14]
[7, 1, 9]
[5, 2, 14]
[12, 6, 1]
[11, 4, 3]
[7, 4, 11]
[7, 8, 2]
[14, 8, 10]
[8, 5, 9]
[9, 0, 14]
[1, 14, 7]
[8, 3, 10]
[7, 14, 3]
[3, 8, 13]
[9, 3, 11]
[2, 11, 6]
[14, 2, 5]
[0, 6, 13]
[0, 3, 13]
[5, 2, 8]
[4, 1, 10]
[3, 1, 9]
[7, 6, 5]
[1, 8, 12]
[1, 5, 13]
[2, 13, 3]
[2, 5, 3]
[3, 4, 1]
[12, 1, 8]
[2, 12, 5]
[5, 13, 7]
[10, 5, 4]
[8, 4, 12]
[11, 6, 10]
[5, 4, 9]
[8, 10, 14]
[2, 10, 0]
[6, 14, 0]
[7, 9, 0]
[8, 6, 13]
[4, 9, 14]
[6, 1, 7]
[9, 7, 13]
[0, 10, 12]
[4, 5, 8]
[13, 11, 1]
[1, 9, 4]
[7, 13, 9]
[3, 14, 13]
[10, 9, 5]
[0, 1, 6]
[8, 0, 12]
[8, 11, 0]
[13, 7, 4]
[10, 6, 1]
[3, 0, 2]
[3, 2, 11]
[11, 12, 13]
[10, 14, 9]
[5, 8, 9]
[6, 14, 7]
[1, 9, 8]
[7, 10, 12]
[3, 9, 13]
[0, 8, 13]
[3, 2, 11]
[5, 3, 7]
[13, 1, 7]
[1, 10, 14]
[2, 8, 7]
[8, 9, 4]
[6, 7, 4]
[12, 6, 2]
[10, 4, 9]
[4, 13, 9]
[10, 9, 1]
[10, 13, 12]
[12, 10, 4]
[14, 5, 2]
[3, 7, 5]
[11, 13, 10]
[14, 1, 12]
[4, 13, 1]
[12, 0, 1]
[14, 2, 10]
[12, 14, 13]
[3, 11, 5]
[10, 9, 8]
[10, 3, 12]
[10, 9, 13]
[3, 11, 5]
[11, 1, 7]
[10, 4, 9]
[7, 0, 3]
[13, 8, 12]
[14, 0, 13]
[3, 0, 8]
[4, 0, 11]
[12, 9, 1]
[10, 8, 4]
[3, 4, 0]
[3, 12, 5]
[1, 14, 10]
[6, 0, 2]
[14, 3, 10]
[2, 6, 11]
[3, 10, 5]
[6, 14, 8]
[5, 9, 14]
[11, 12, 5]
[9, 4, 13]
[12, 7, 13]
[13, 4, 5]
[1, 2, 10]
[8, 1, 10]
[8, 11, 9]
[6, 13, 0]
[6, 4, 8]
[7, 6, 10]
[7, 12, 4]
[9, 6, 10]
[0, 14, 10]
[14, 5, 10]
[9, 3, 0]
[14, 12, 0]
[5, 4, 7]
[10, 3, 13]
[11, 10, 6]
[10, 8, 13]
[2, 9, 8]
[12, 8, 5]
[12, 7, 6]
[14, 0, 13]
[9, 7, 0]
[14, 6, 0]
[2, 11, 13]
[9, 2, 7]
[5, 8, 7]
[11, 7, 13]
[9, 7, 14]
[13, 11, 6]
[14, 6, 3]
[14, 12, 9]
[4, 2, 6]
[1, 10, 2]
[14, 13, 10]
[13, 4, 8]
[13, 0, 7]
[9, 11, 5]
[13, 8, 5]
[8, 6, 2]
[8, 3, 6]
[4, 8, 6]
[13, 14, 8]
[12, 5, 7]
[0, 6, 2]
[10, 6, 4]
[14, 13, 1]
[14, 7, 3]
[12, 9, 13]
[12, 5, 9]
[3, 13, 8]
[7, 0, 6]
[7, 6, 5]
[1, 0, 13]
[9, 13, 12]
[2, 5, 10]
[5, 1, 2]
[9, 4, 13]
[10, 11, 8]
[4, 2, 14]
