P1,P2,...,Pn
[11, 8, 0]
[7, 0, 10]
[7, 10, 6]
[6, 2, 7]
[6, 11, 7]
[10, 9, 2]
[13, 1, 8]
[0, 11, 13]
[9, 12, 14]
[11, 10, 4]
[1, 5, 9]
[1, 11, 5]
[3, 5, 4]
[10, 4, 0]
[0, 14, 10]
[9, 12, 13]
[4, 11, 6]
[9, 1, 3]
[8, 9, 3]
[7, 13, 1]
[4, 14, 0]
[10, 1, 4]
[8, 12, 14]
[7, 13, 4]
[4, 2, 0]
[0, 8, 6]
[0, 4, 3]
[6, 7, 9]
[7, 12, 4]
[13, 12, 6]
[7, 8, 12]
[12, 4, 11]
[0, 12, 8]
[12, 11, 8]
[1, 10, 7]
[9, 14, 4]
[10, 12, 2]
[13, 7, 5]
[6, 1, 7]
[12, 4, 9]
[12, 11, 10]
[0, 4, 13]
[6, 5, 13]
[9, 3, 0]
[14, 6, 4]
[9, 6, 2]
[4, 11, 7]
[6, 12, 14]
[0, 3, 4]
[7, 14, 1]
[11, 7, 9]
[1, 2, 9]
[3, 0, 12]
[13, 1, 9]
[7, 9, 2]
[1, 5, 11]
[9, 5, 13]
[12, 11, 10]
[12, 2, 10]
[3, 13, 6]
[13, 8, 10]
[4, 13, 14]
[11, 12, 9]
[13, 1, 6]
[10, 2, 11]
[9, 14, 7]
[11, 8, 5]
[8, 10, 5]
[7, 9, 11]
[13, 12, 5]
[12, 2, 3]
[0, 14, 5]
[13, 11, 14]
[8, 10, 6]
[12, 10, 0]
[1, 12, 5]
[13, 5, 3]
[13, 2, 10]
[13, 3, 7]
[10, 14, 7]
[7, 12, 5]
[4, 11, 6]
[13, 3, 11]
[11, 12, 4]
[7, 8, 4]
[5, 1, 11]
[0, 5, 6]
[14, 3, 1]
[11, 3, 12]
[3, 9, 6]
[4, 2, 12]
[9, 5, 11]
[7, 5, 11]
[4, 8, 9]
[5, 8, 3]
[3, 13, 12]
[12, 2, 0]
[9, 12, 10]
[4, 1, 3]
[8, 12, 11]
[2, 11, 7]
[4, 9, 5]
[2, 8, 4]
[11, 1, 12]
[4, 9, 3]
[9, 3, 1]
[8, 7, 14]
[12, 2, 5]
[14, 12, 13]
[8, 0, 9]
[3, 5, 6]
[5, 6, 7]
[11, 12, 2]
[5, 0, 7]
[1, 12, 14]
[7, 11, 3]
[12, 1, 11]
[13, 5, 12]
[5, 4, 1]
[10, 14, 4]
[11, 2, 1]
[6, 10, 1]
[5, 4, 14]
[8, 7, 14]
[1, 6, 11]
[3, 12, 2]
[10, 12, 8]
[2, 4, 14]
[0, 6, 5]
[0, 1, 4]
[2, 13, 8]
[10, 2, 14]
[6, 0, 13]
[0, 11, 5]
[7, 11, 0]
[8, 12, 0]
[4, 9, 2]
[9, 12, 3]
[11, 7, 12]
[4, 2, 14]
[14, 8, 2]
[4, 11, 14]
[6, 4, 2]
[10, 7, 11]
[5, 10, 12]
[0, 14, 11]
[5, 8, 1]
[0, 12, 14]
[9, 0, 13]
[13, 2, 5]
[7, 1, 10]
[8, 6, 13]
[8, 14, 4]
[9, 7, 8]
[7, 6, 3]
[12, 1, 0]
[1, 4, 12]
[5, 8, 10]
[5, 10, 14]
[4, 0, 10]
[8, 12, 13]
[5, 11, 0]
[10, 9, 13]
[9, 13, 5]
[4, 6, 7]
[14, 3, 0]
[2, 3, 6]
[9, 2, 10]
[10, 11, 0]
[5, 6, 9]
[13, 6, 5]
[3, 1, 7]
[4, 0, 14]
[10, 3, 0]
[8, 3, 2]
[10, 4, 6]
[1, 9, 12]
[4, 14, 9]
[6, 3, 11]
