P1,P2,...,Pn
[4, 10, 8]
[7, 6, 8]
[4, 14, 2]
[0, 3, 4]
[14, 2, 13]
[12, 2, 3]
[7, 1, 13]
[0, 5, 1]
[2, 7, 4]
[2, 0, 7]
[13, 7, 4]
[4, 8, 10]
[3, 6, 13]
[5, 13, 9]
[12, 14, 6]
[10, 11, 7]
[8, 1, 10]
[11, 8, 6]
[0, 14, 8]
[10, 13, 8]
[3, 2, 1]
[1, 0, 14]
[11, 14, 1]
[4, 11, 0]
[13, 0, 6]
[1, 9, 0]
[6, 9, 13]
[2, 6, 8]
[11, 7, 10]
[4, 8, 10]
[2, 11, 13]
[6, 10, 7]
[2, 13, 12]
[11, 9, 10]
[3, 12, 13]
[3, 12, 5]
[2, 12, 8]
[1, 11, 2]
[12, 2, 9]
[9, 12, 10]
[2, 3, 6]
[13, 5, 6]
[0, 11, 1]
[6, 1, 4]
[4, 1, 12]
[14, 6, 9]
[6, 12, 11]
[9, 8, 2]
[5, 7, 10]
[13, 12, 6]
[14, 13, 8]
[5, 8, 6]
[0, 3, 5]
[2, 11, 5]
[14, 1, 8]
[9, 1, 13]
[3, 7, 6]
[9, 0, 7]
[2, 14, 3]
[9, 0, 8]
[8, 1, 0]
[8, 13, 2]
[13, 5, 14]
[14, 11, 5]
[9, 7, 14]
[13, 9, 12]
[10, 4, 1]
[1, 0, 5]
[0, 6, 8]
[5, 10, 0]
[4, 8, 1]
[0, 6, 14]
[5, 9, 11]
[9, 8, 7]
[8, 11, 4]
[6, 7, 3]
[14, 9, 1]
[13, 0, 9]
[4, 11, 10]
[9, 14, 2]
[6, 14, 11]
[6, 11, 8]
[0, 14, 10]
[1, 11, 8]
[14, 12, 5]
[8, 0, 14]
[3, 4, 7]
[0, 8, 2]
[11, 14, 0]
[14, 9, 12]
[2, 8, 5]
[8, 5, 7]
[7, 11, 0]
[10, 12, 8]
[4, 10, 0]
[13, 7, 8]
[2, 9, 10]
[12, 3, 7]
[11, 2, 9]
[9, 0, 5]
[10, 3, 7]
[3, 6, 13]
[4, 6, 2]
[12, 13, 7]
[12, 4, 7]
[9, 8, 2]
[0, 4, 3]
[10, 4, 6]
[4, 0, 14]
[4, 1, 10]
[14, 13, 11]
[7, 6, 14]
[13, 11, 0]
[0, 2, 7]
[11, 13, 1]
[13, 6, 12]
[11, 1, 5]
[12, 13, 4]
[1, 5, 9]
[2, 11, 6]
[14, 11, 1]
[11, 14, 2]
[14, 11, 2]
[1, 2, 11]
[5, 8, 6]
[5, 12, 14]
[6, 12, 8]
[13, 3, 14]
[3, 7, 1]
[2, 0, 8]
[7, 11, 13]
[13, 3, 1]
[5, 1, 13]
[12, 2, 8]
[11, 4, 6]
[7, 5, 8]
[14, 2, 1]
[5, 8, 11]
[3, 0, 6]
[14, 2, 10]
[2, 0, 4]
[9, 5, 10]
[8, 13, 11]
[11, 12, 4]
[12, 4, 13]
[12, 8, 6]
[8, 2, 10]
[2, 14, 0]
[1, 2, 5]
[8, 11, 1]
[4, 5, 12]
[3, 13, 8]
[0, 11, 5]
[10, 1, 6]
[12, 7, 0]
[9, 2, 3]
[5, 11, 0]
[8, 1, 12]
[12, 14, 7]
[9, 1, 8]
[2, 12, 3]
[8, 7, 4]
[10, 12, 14]
[13, 1, 11]
[0, 4, 10]
[10, 2, 12]
[9, 14, 1]
[9, 6, 13]
[1, 13, 5]
[0, 7, 14]
[11, 14, 3]
[0, 6, 2]
[2, 13, 11]
[11, 6, 2]
[0, 11, 10]
[0, 7, 6]
[8, 5, 0]
[14, 0, 7]
[7, 6, 3]
[3, 5, 12]
[14, 10, 7]
[5, 10, 14]
[8, 1, 13]
[13, 4, 1]
[7, 0, 2]
[14, 4, 6]
[3, 6, 1]
[9, 8, 5]
[1, 4, 10]
[1, 13, 9]
[2, 6, 3]
[10, 13, 9]
[12, 8, 13]
[13, 6, 5]
[1, 11, 10]
