P1,P2,...,Pn
[1, 10, 11]
[1, 9, 7]
[12, 4, 1]
[14, 1, 13]
[9, 5, 12]
[14, 6, 13]
[13, 3, 5]
[9, 4, 3]
[0, 12, 1]
[1, 8, 0]
[9, 14, 2]
[5, 8, 4]
[3, 9, 4]
[11, 3, 2]
[9, 3, 1]
[3, 6, 11]
[9, 10, 6]
[5, 10, 11]
[2, 6, 10]
[7, 6, 13]
[6, 3, 4]
[14, 10, 8]
[5, 12, 0]
[13, 0, 9]
[14, 13, 10]
[13, 12, 6]
[1, 14, 4]
[11, 4, 13]
[3, 6, 9]
[13, 1, 5]
[0, 3, 9]
[1, 10, 3]
[14, 2, 12]
[6, 4, 13]
[5, 8, 3]
[1, 12, 11]
[9, 4, 13]
[8, 3, 13]
[11, 7, 12]
[5, 3, 7]
[12, 6, 5]
[5, 7, 6]
[10, 7, 1]
[2, 4, 8]
[1, 3, 9]
[14, 5, 9]
[5, 10, 12]
[13, 12, 9]
[3, 9, 10]
[0, 5, 7]
[13, 12, 1]
[14, 12, 6]
[4, 8, 7]
[0, 6, 5]
[3, 11, 10]
[3, 9, 2]
[1, 8, 4]
[5, 8, 0]
[0, 11, 14]
[7, 11, 1]
[1, 11, 10]
[7, 9, 4]
[7, 5, 4]
[12, 2, 3]
[6, 5, 12]
[5, 12, 14]
[6, 2, 5]
[0, 10, 14]
[11, 2, 0]
[3, 8, 2]
[8, 5, 12]
[7, 6, 11]
[13, 9, 2]
[13, 2, 3]
[5, 9, 11]
[0, 2, 4]
[7, 8, 14]
[6, 5, 3]
[14, 9, 4]
[6, 0, 1]
[8, 9, 4]
[11, 13, 3]
[6, 3, 2]
[3, 5, 0]
[8, 9, 13]
[3, 7, 14]
[10, 14, 5]
[0, 5, 7]
[7, 3, 2]
[8, 4, 7]
