P1,P2,...,Pn
[1, 12, 3]
[10, 3, 11]
[6, 8, 7]
[6, 14, 3]
[0, 7, 4]
[13, 14, 12]
[11, 6, 3]
[14, 8, 10]
[9, 6, 3]
[5, 10, 2]
[11, 0, 14]
[4, 9, 10]
[11, 10, 12]
[1, 6, 12]
[10, 6, 12]
[6, 4, 7]
[3, 8, 14]
[5, 11, 8]
[5, 3, 10]
[1, 6, 0]
[2, 4, 11]
[5, 2, 9]
[1, 8, 10]
[4, 5, 3]
[12, 4, 14]
[9, 3, 4]
[9, 11, 14]
[12, 3, 8]
[0, 7, 9]
[11, 7, 14]
[12, 2, 3]
[8, 2, 1]
[0, 3, 4]
[5, 0, 13]
[14, 5, 12]
[7, 5, 3]
[9, 5, 1]
[8, 1, 7]
[2, 4, 14]
[10, 11, 3]
[2, 13, 9]
[13, 8, 12]
[3, 6, 1]
[1, 6, 3]
[13, 2, 4]
[14, 0, 1]
[10, 4, 9]
[12, 13, 1]
[6, 9, 14]
[5, 11, 9]
[7, 3, 9]
[9, 7, 2]
[9, 14, 5]
[3, 5, 4]
[3, 6, 13]
[13, 9, 12]
[1, 12, 5]
[0, 9, 2]
[8, 7, 14]
[2, 6, 13]
[3, 14, 0]
[8, 10, 7]
[0, 7, 9]
[9, 7, 1]
[4, 2, 7]
[0, 5, 11]
[9, 10, 6]
[9, 4, 6]
[4, 3, 1]
[6, 1, 4]
[11, 7, 8]
[14, 12, 5]
[9, 1, 13]
[0, 1, 13]
[8, 1, 12]
[9, 1, 0]
[1, 6, 2]
[12, 11, 5]
[5, 1, 14]
[2, 14, 0]
[9, 0, 4]
[14, 12, 5]
[14, 0, 7]
[13, 1, 9]
[10, 11, 0]
[1, 9, 12]
[4, 13, 2]
[9, 11, 0]
[10, 6, 9]
[5, 2, 13]
[13, 14, 0]
[13, 6, 9]
[0, 14, 2]
[12, 13, 2]
[5, 7, 4]
[11, 13, 4]
[4, 3, 1]
[3, 13, 10]
[2, 14, 8]
[4, 5, 12]
[11, 2, 3]
[10, 11, 7]
[7, 12, 3]
[11, 10, 12]
[0, 9, 8]
[2, 10, 8]
[9, 3, 10]
[12, 10, 2]
[9, 12, 13]
[13, 12, 7]
[0, 2, 11]
[11, 10, 5]
[11, 3, 5]
[13, 9, 10]
[6, 5, 12]
[4, 5, 1]
[12, 9, 6]
[13, 6, 1]
[14, 0, 9]
[8, 14, 10]
[12, 10, 9]
[0, 6, 13]
[0, 14, 5]
[6, 12, 1]
[7, 1, 5]
[5, 9, 7]
[1, 10, 3]
[0, 3, 14]
[8, 0, 2]
[6, 1, 11]
[5, 10, 8]
[7, 11, 6]
[3, 0, 1]
[8, 1, 4]
[6, 4, 8]
[5, 12, 7]
[1, 14, 12]
[8, 11, 2]
[10, 0, 14]
[8, 5, 11]
[5, 1, 2]
[5, 14, 11]
[10, 9, 12]
[4, 3, 14]
[11, 8, 14]
[9, 13, 12]
[7, 5, 4]
[4, 3, 10]
[13, 6, 3]
[11, 7, 1]
[11, 4, 13]
[0, 4, 12]
[0, 14, 7]
[10, 9, 6]
[14, 2, 8]
[1, 14, 8]
[5, 10, 13]
[14, 4, 6]
[3, 14, 13]
[12, 2, 14]
[4, 11, 6]
[7, 12, 6]
[6, 9, 0]
[14, 4, 12]
[4, 8, 1]
[8, 6, 7]
[10, 2, 13]
[8, 5, 12]
[2, 12, 4]
[7, 12, 11]
[3, 8, 9]
[4, 9, 7]
[5, 2, 4]
[14, 7, 13]
[14, 0, 2]
[7, 5, 4]
[8, 2, 11]
[8, 0, 4]
[13, 14, 11]
[10, 12, 11]
[0, 7, 8]
[14, 2, 8]
[5, 13, 11]
[9, 5, 3]
[7, 4, 10]
[8, 14, 1]
[11, 13, 12]
[2, 3, 7]
[13, 1, 12]
[5, 4, 9]
[13, 0, 6]
[12, 0, 3]
[4, 0, 8]
[3, 10, 1]
[12, 7, 2]
[0, 7, 11]
[14, 10, 7]
[1, 4, 11]
[4, 7, 5]
[12, 13, 1]
[6, 11, 8]
[5, 14, 4]
[7, 5, 3]
[9, 13, 3]
[6, 9, 10]
[14, 8, 1]
[8, 9, 11]
[12, 10, 4]
[9, 7, 1]
[12, 14, 1]
[5, 8, 6]
[10, 0, 12]
[12, 8, 13]
[0, 7, 11]
[6, 9, 1]
[0, 12, 5]
[3, 11, 13]
[8, 4, 13]
[0, 2, 1]
[5, 2, 7]
[11, 3, 4]
[11, 4, 5]
[4, 7, 8]
[14, 10, 6]
[6, 3, 4]
[12, 14, 4]
[10, 0, 11]
[0, 1, 5]
[6, 8, 3]
[6, 11, 8]
[8, 13, 7]
[10, 4, 7]
[9, 10, 13]
[7, 14, 3]
[13, 9, 0]
[4, 0, 5]
[2, 13, 7]
[12, 13, 11]
[8, 13, 7]
[13, 2, 12]
[3, 4, 7]
[3, 0, 5]
[5, 0, 11]
[2, 14, 5]
[10, 12, 8]
[9, 5, 14]
[8, 5, 9]
[5, 0, 11]
[11, 10, 6]
[4, 8, 1]
[13, 5, 4]
[4, 5, 6]
[7, 6, 13]
[7, 5, 11]
[4, 3, 0]
[14, 1, 9]
[14, 1, 12]
[7, 13, 0]
[4, 8, 14]
[9, 1, 12]
[2, 3, 6]
[11, 2, 1]
[0, 10, 8]
