P1,P2,...,Pn
[3, 0, 9]
[8, 11, 10]
[2, 14, 4]
[11, 0, 5]
[13, 6, 1]
[10, 12, 4]
[14, 11, 12]
[7, 14, 1]
[5, 2, 14]
[3, 9, 12]
[0, 2, 7]
[13, 7, 5]
[1, 10, 9]
[4, 11, 12]
[4, 1, 12]
[14, 3, 5]
[5, 4, 0]
[3, 8, 10]
[5, 3, 8]
[2, 1, 13]
[1, 12, 10]
[4, 1, 6]
[1, 4, 5]
[0, 3, 14]
[11, 7, 0]
[7, 11, 9]
[13, 4, 10]
[13, 8, 11]
[10, 1, 8]
[6, 10, 0]
[7, 9, 4]
[0, 5, 3]
[5, 13, 0]
[0, 7, 11]
[8, 12, 14]
[0, 6, 12]
[6, 13, 9]
[12, 8, 11]
[13, 3, 10]
[8, 7, 1]
[8, 13, 1]
[6, 5, 8]
[7, 4, 8]
[11, 7, 3]
[6, 7, 2]
[12, 2, 14]
[7, 13, 9]
[10, 8, 4]
[11, 9, 13]
[12, 10, 4]
[13, 12, 0]
[6, 7, 10]
[3, 4, 10]
[1, 2, 11]
[1, 11, 3]
[0, 7, 4]
[12, 4, 1]
[11, 1, 9]
[8, 12, 1]
[1, 11, 13]
[11, 12, 3]
[7, 2, 10]
[13, 8, 12]
[8, 6, 11]
[14, 12, 2]
[1, 3, 6]
[11, 9, 1]
[1, 7, 13]
[7, 4, 6]
[5, 9, 1]
[14, 2, 12]
[1, 0, 6]
[9, 3, 2]
[13, 1, 4]
[5, 1, 6]
[5, 1, 14]
[11, 5, 3]
[14, 13, 4]
[14, 1, 10]
[6, 14, 4]
[0, 6, 11]
[3, 8, 0]
[3, 12, 0]
[10, 3, 13]
[6, 13, 0]
[5, 13, 10]
[14, 1, 4]
[12, 7, 1]
[5, 14, 3]
[10, 13, 2]
[9, 4, 13]
[14, 7, 5]
[11, 6, 2]
[6, 2, 7]
[14, 6, 0]
[12, 10, 9]
[9, 3, 1]
[10, 6, 14]
[5, 7, 6]
[8, 0, 12]
[7, 2, 8]
[6, 7, 13]
[1, 3, 5]
[3, 12, 5]
[14, 11, 8]
[0, 4, 7]
[9, 14, 6]
[6, 12, 1]
[13, 9, 5]
[0, 14, 12]
[2, 7, 6]
[7, 11, 9]
[4, 1, 6]
[13, 5, 6]
[8, 14, 13]
[8, 12, 6]
[2, 0, 8]
[7, 12, 2]
[0, 14, 3]
[8, 10, 4]
[13, 5, 6]
[11, 8, 7]
[3, 14, 8]
[14, 6, 8]
[5, 1, 13]
[4, 8, 3]
[1, 12, 4]
[2, 6, 13]
[6, 4, 7]
[0, 12, 6]
[6, 9, 10]
[3, 0, 8]
[5, 12, 14]
[12, 10, 4]
[4, 14, 7]
[13, 3, 12]
[7, 12, 0]
[0, 3, 10]
[10, 0, 5]
[13, 5, 3]
[11, 6, 10]
[9, 11, 3]
[0, 4, 6]
[14, 11, 0]
[7, 11, 8]
[5, 13, 1]
[14, 0, 11]
[10, 5, 2]
[7, 1, 13]
[13, 6, 14]
[5, 11, 4]
[0, 10, 7]
[0, 2, 5]
[13, 0, 12]
[7, 11, 10]
[4, 1, 7]
[0, 14, 1]
[8, 12, 11]
[9, 8, 3]
[6, 7, 10]
[7, 11, 12]
[2, 12, 0]
[5, 4, 10]
[1, 12, 6]
[12, 11, 5]
[4, 3, 14]
[3, 8, 7]
[4, 0, 5]
[12, 13, 10]
[8, 7, 6]
[11, 13, 4]
[10, 5, 2]
[14, 13, 11]
[9, 4, 11]
[3, 12, 10]
[9, 8, 13]
[3, 11, 13]
[13, 11, 6]
[3, 2, 0]
[12, 1, 6]
[1, 14, 2]
[2, 7, 10]
[4, 0, 8]
[3, 0, 1]
[5, 1, 4]
[9, 5, 0]
[8, 2, 11]
[11, 0, 1]
[6, 1, 13]
[10, 7, 5]
[1, 13, 8]
[13, 3, 1]
[8, 10, 1]
[7, 0, 6]
[14, 0, 11]
[5, 11, 7]
[4, 14, 6]
[5, 6, 13]
[10, 4, 9]
[2, 6, 9]
[14, 2, 8]
[2, 6, 7]
[10, 6, 8]
[3, 0, 1]
[8, 12, 9]
[7, 9, 3]
[2, 4, 9]
[1, 10, 6]
[10, 1, 3]
[5, 1, 14]
[11, 13, 10]
[8, 2, 13]
[9, 14, 0]
[1, 11, 13]
[0, 13, 5]
[8, 4, 11]
[0, 3, 8]
[4, 3, 2]
[11, 10, 8]
[13, 11, 8]
[4, 6, 3]
[14, 6, 8]
[12, 1, 7]
[3, 7, 13]
[8, 3, 13]
[1, 5, 13]
[8, 0, 12]
[0, 7, 3]
[1, 10, 13]
[6, 14, 3]
[14, 3, 7]
[3, 5, 13]
[12, 13, 3]
[4, 0, 1]
[12, 6, 9]
[6, 3, 7]
[9, 12, 8]
[12, 11, 2]
[11, 4, 2]
[9, 10, 4]
[0, 7, 8]
[14, 12, 5]
[10, 14, 7]
[1, 5, 10]
[0, 6, 7]
[1, 12, 11]
[5, 14, 11]
[0, 9, 7]
[6, 8, 10]
[10, 5, 12]
[7, 6, 10]
[0, 14, 2]
[10, 5, 3]
[10, 8, 4]
[1, 10, 0]
[7, 14, 2]
[1, 14, 9]
[12, 5, 3]
[13, 7, 10]
[4, 3, 11]
[14, 12, 9]
[4, 11, 13]
[8, 10, 6]
[4, 13, 10]
[3, 10, 0]
[6, 0, 8]
[3, 4, 1]
[6, 7, 4]
