P1,P2,...,Pn
[9]
[14]
[12]
[11]
[11]
[5]
[6]
[4]
[14]
[9]
[13]
[9]
[6]
[2]
[10]
[12]
[0]
[7]
[6]
[13]
[9]
[4]
[6]
[8]
[3]
[13]
[2]
[7]
[1]
[6]
[4]
[1]
[1]
[13]
[8]
[13]
[7]
[2]
[11]
[3]
[10]
[6]
[1]
[14]
[2]
[11]
[7]
[11]
[10]
[11]
[0]
[1]
[14]
[13]
[9]
[12]
[5]
[1]
[0]
[10]
[14]
[3]
[10]
[6]
[2]
[9]
[1]
[0]
[10]
[8]
[7]
[3]
[2]
[0]
[2]
[4]
[14]
[11]
[9]
[9]
[2]
[2]
[13]
[1]
[5]
[9]
[7]
[0]
[10]
[3]
[3]
[4]
[1]
[3]
[5]
[13]
[6]
[10]
[11]
[13]
[2]
[13]
[2]
[14]
[2]
[3]
[9]
[0]
[10]
[14]
[12]
[13]
[13]
[12]
