P1,P2,...,Pn
[4, 6]
[2, 12]
[11, 10]
[12, 2]
[0, 3]
[8, 5]
[5, 6]
[11, 14]
[7, 8]
[11, 9]
[10, 12]
[0, 1]
[3, 14]
[8, 9]
[2, 0]
[12, 6]
[12, 13]
[4, 11]
[13, 7]
[0, 10]
[6, 9]
[14, 6]
[12, 5]
[13, 9]
[10, 9]
[0, 1]
[13, 11]
[14, 10]
[12, 3]
[0, 2]
[10, 4]
[13, 5]
[8, 1]
[3, 14]
[14, 0]
[9, 13]
[9, 1]
[10, 6]
[12, 7]
[10, 0]
[6, 1]
[0, 4]
[2, 5]
[3, 4]
[3, 2]
[10, 1]
[5, 14]
[8, 1]
[10, 14]
[10, 9]
[4, 7]
[6, 5]
[4, 8]
[5, 13]
[13, 6]
[12, 2]
[10, 6]
[4, 1]
[4, 1]
[0, 3]
[0, 4]
[3, 8]
[14, 11]
[0, 9]
[2, 9]
[7, 5]
[7, 9]
[13, 6]
[3, 2]
[9, 7]
[8, 3]
[5, 14]
[10, 11]
[11, 10]
[7, 8]
[9, 7]
[4, 11]
[4, 2]
[9, 13]
[8, 1]
[13, 6]
[8, 3]
[1, 6]
[3, 13]
[1, 0]
[10, 3]
[14, 2]
[12, 3]
[7, 9]
[12, 6]
[7, 1]
[8, 14]
[2, 3]
[7, 11]
[3, 11]
[0, 8]
[7, 2]
[13, 5]
[10, 6]
[4, 0]
[6, 13]
[4, 2]
[1, 12]
[2, 10]
[14, 13]
[7, 10]
[5, 13]
[3, 8]
[9, 3]
[4, 12]
[1, 10]
[5, 14]
[1, 7]
[5, 1]
[9, 13]
[7, 11]
[12, 5]
[12, 7]
[11, 7]
[7, 11]
[11, 6]
[6, 11]
[7, 0]
[10, 5]
[10, 9]
[8, 3]
[12, 1]
[9, 7]
[5, 9]
[1, 7]
[6, 11]
[12, 4]
[6, 1]
[14, 3]
[4, 9]
[7, 10]
[8, 1]
[11, 3]
[11, 12]
[6, 12]
[1, 12]
[8, 11]
[4, 10]
[6, 8]
[1, 0]
[4, 6]
[14, 0]
[1, 11]
[11, 13]
[1, 8]
[11, 9]
[5, 10]
[10, 4]
[12, 3]
[13, 6]
[1, 14]
[7, 8]
[13, 10]
[1, 5]
[4, 7]
[11, 10]
[10, 4]
[11, 1]
[10, 7]
[13, 0]
[13, 11]
[8, 11]
[13, 12]
[12, 11]
[3, 14]
[4, 12]
[6, 0]
[10, 12]
[5, 4]
[11, 2]
[12, 7]
[12, 2]
[12, 1]
[12, 14]
[6, 8]
[5, 6]
[5, 13]
[4, 9]
[12, 9]
[9, 14]
[8, 11]
[2, 7]
[13, 10]
[2, 3]
[0, 6]
[9, 11]
[10, 12]
[10, 3]
[12, 2]
[0, 12]
[9, 7]
[0, 4]
[6, 1]
[14, 13]
[11, 2]
[2, 1]
[5, 12]
[11, 1]
[10, 1]
[7, 2]
[14, 5]
[14, 2]
[10, 4]
[5, 0]
[2, 9]
[13, 1]
[0, 13]
[2, 14]
[10, 8]
[3, 10]
[7, 2]
[5, 0]
[8, 9]
[5, 6]
[12, 0]
[1, 7]
[6, 5]
[13, 0]
[13, 2]
[8, 7]
[14, 11]
[9, 5]
[6, 0]
[9, 14]
[0, 8]
[14, 9]
[12, 1]
[13, 14]
[14, 6]
[2, 4]
[8, 14]
[11, 13]
[10, 0]
[14, 1]
[13, 2]
[2, 13]
[2, 11]
[2, 6]
[8, 12]
[8, 11]
[0, 9]
[14, 2]
[7, 13]
[10, 14]
[2, 11]
[13, 0]
[5, 0]
