P1,P2,...,Pn
[4, 12]
[3, 11]
[1, 3]
[0, 12]
[11, 10]
[7, 13]
[12, 4]
[5, 13]
[0, 2]
[2, 11]
[2, 0]
[7, 6]
[13, 14]
[11, 2]
[14, 6]
[0, 3]
[5, 6]
[12, 8]
[2, 13]
[5, 9]
[10, 7]
[12, 7]
[13, 11]
[9, 1]
[6, 0]
[3, 7]
[11, 13]
[13, 5]
[5, 14]
[8, 7]
[9, 5]
[12, 9]
[7, 10]
[0, 3]
[1, 2]
[9, 5]
[6, 14]
[6, 7]
[5, 2]
[1, 6]
[8, 3]
[9, 10]
[1, 11]
[5, 12]
[11, 9]
[11, 1]
[6, 8]
[5, 8]
[9, 3]
[11, 0]
[10, 14]
[9, 2]
[8, 12]
[12, 8]
[8, 9]
[0, 2]
[11, 10]
[0, 4]
[9, 6]
[0, 14]
[9, 10]
[7, 9]
[10, 7]
[8, 11]
[5, 6]
[14, 12]
[7, 3]
[0, 5]
[13, 12]
[5, 12]
[3, 8]
[11, 14]
[4, 5]
[4, 8]
[11, 6]
[7, 9]
[8, 7]
[2, 4]
[10, 12]
[9, 6]
[13, 8]
[4, 10]
[14, 12]
[0, 7]
[1, 2]
[14, 12]
[6, 9]
[11, 1]
[2, 3]
[5, 14]
[2, 6]
[3, 10]
[5, 0]
[9, 14]
[8, 1]
[1, 14]
[14, 9]
[2, 6]
[8, 12]
[4, 1]
[5, 1]
[4, 0]
[12, 14]
[4, 6]
[11, 8]
[13, 10]
[3, 13]
[8, 3]
[12, 3]
[11, 12]
[12, 13]
[7, 12]
[5, 0]
[8, 2]
[7, 5]
[0, 1]
[13, 5]
[6, 2]
[13, 10]
[9, 12]
[8, 14]
[8, 3]
[10, 14]
[8, 11]
[4, 9]
[14, 12]
[5, 9]
[13, 3]
[13, 6]
[8, 0]
[6, 11]
[13, 8]
[7, 5]
[10, 13]
[5, 10]
[2, 8]
[5, 0]
[14, 11]
[11, 10]
[1, 10]
[10, 12]
[1, 14]
[1, 8]
[4, 1]
[4, 2]
[8, 12]
[4, 1]
[9, 4]
[3, 14]
[1, 8]
[11, 0]
[11, 9]
[10, 12]
[2, 14]
[5, 2]
[5, 8]
[5, 3]
[9, 1]
[5, 8]
[7, 11]
[9, 13]
[10, 0]
[7, 11]
[12, 6]
[0, 3]
[12, 4]
[10, 11]
[5, 2]
[2, 0]
[8, 13]
[4, 2]
[5, 13]
[6, 0]
[0, 1]
[6, 8]
[11, 0]
[1, 7]
[11, 5]
[9, 11]
[5, 11]
[3, 0]
[2, 12]
