P1,P2,...,Pn
[13]
[12]
[2]
[11]
[14]
[1]
[5]
[11]
[5]
[0]
[12]
[0]
[12]
[5]
[7]
[11]
[1]
[9]
[3]
[4]
[3]
[11]
[8]
[9]
[6]
[6]
[12]
[9]
[14]
[14]
[2]
[13]
[6]
[3]
[12]
[10]
[8]
[5]
[2]
[2]
[12]
[2]
[3]
[1]
[1]
[0]
[6]
[14]
[6]
[2]
[10]
[6]
[1]
[14]
[7]
[11]
[0]
[9]
[14]
[5]
[4]
[3]
[4]
[4]
[5]
[5]
[4]
[0]
[5]
[10]
[8]
[2]
[12]
[3]
[10]
[12]
[1]
[11]
[3]
[7]
[2]
[10]
[12]
[7]
[10]
[13]
[12]
[0]
[12]
[8]
[7]
[3]
[12]
[12]
[14]
[0]
[2]
[6]
[12]
[11]
[4]
[6]
[5]
[2]
[13]
[0]
[13]
[7]
[6]
[7]
[12]
[4]
[13]
[3]
[0]
[13]
[4]
[0]
[12]
[4]
[11]
[7]
[4]
[7]
[2]
[11]
[13]
[9]
[2]
[7]
[9]
[8]
[12]
[9]
[5]
[4]
[11]
[7]
[11]
[5]
[10]
[1]
[12]
[12]
[14]
[1]
[7]
[10]
[2]
[5]
[7]
[7]
[12]
[11]
[4]
[6]
[10]
[11]
[10]
[10]
[4]
[10]
[8]
[1]
[3]
[9]
[14]
[0]
[4]
[12]
[3]
[14]
