P1,P2,...,Pn
[2]
[8]
[7]
[11]
[9]
[11]
[1]
[5]
[9]
[9]
[13]
[7]
[6]
[2]
[4]
[8]
[5]
[4]
[4]
[1]
[13]
[1]
[0]
[4]
[11]
[8]
[10]
[4]
[4]
[5]
[11]
[1]
[1]
[12]
[3]
[10]
[4]
[2]
[4]
[9]
[1]
[4]
[11]
[8]
[7]
[7]
[8]
[12]
[12]
[13]
[2]
[14]
[14]
[9]
[7]
[2]
[2]
[2]
[11]
[12]
[7]
[2]
[1]
[6]
[13]
[1]
[1]
[1]
[14]
[5]
[10]
[3]
[0]
[3]
[0]
[13]
[13]
[3]
[14]
[0]
[6]
[5]
[11]
[0]
[6]
[7]
[9]
[13]
[4]
[12]
[9]
[9]
[11]
[14]
[1]
[4]
[14]
[0]
[7]
[4]
[1]
[12]
[7]
[14]
[1]
[1]
[14]
[8]
[1]
[0]
[8]
[4]
[12]
[9]
[0]
[8]
[2]
[0]
[10]
[12]
[14]
[6]
[10]
[5]
[1]
[1]
[9]
[9]
[10]
[10]
[3]
[11]
[5]
[3]
[2]
[12]
[13]
[7]
[14]
[5]
[6]
[6]
[8]
[3]
[13]
[4]
[3]
[10]
[10]
[1]
